year	month	day	airP_hPa	0.5A_m	0.5B_m	1m	4m	4.5m	5.5m	6.5m	7.5m	8.5m	10.5m
2016	 5	10	977.000	10.7825	10.6721	10.4207	 6.1382	 5.3215	 4.9776	 4.8004	 4.7016	4.6475	4.6248
2016	 5	11	979.222	10.8976	10.8714	10.7650	 6.2921	 5.3426	 4.9758	 4.8019	 4.7060	4.6560	4.6298
2016	 5	12	977.042	13.1697	13.1335	12.9944	 6.5941	 5.4554	 5.0400	 4.8516	 4.7350	4.6740	4.6361
2016	 5	13	965.368	14.6399	14.5543	14.2290	 6.6824	 5.4957	 5.0511	 4.8694	 4.7510	4.6887	4.6466
2016	 5	14	961.111	14.4143	14.4180	14.3394	 6.8171	 5.5726	 5.0899	 4.8844	 4.7589	4.6907	4.6507
2016	 5	15	957.257	13.6296	13.6541	13.6354	 6.9353	 5.6820	 5.1563	 4.9341	 4.8001	4.7156	4.6705
2016	 5	16	964.729	10.5299	10.5638	10.5724	 7.1442	 5.7371	 5.1672	 4.9568	 4.8202	4.7305	4.6811
2016	 5	17	974.299	 9.4499	 9.4812	 9.4814	 8.4403	 5.7832	 5.2123	 4.9856	 4.8267	4.7360	4.6857
2016	 5	18	977.924	10.0352	 9.9361	 9.8098	 8.9339	 5.8494	 5.2339	 4.9947	 4.8301	4.7402	4.6945
2016	 5	19	976.681	11.2285	10.9870	10.6482	 8.7988	 6.0482	 5.2935	 5.0330	 4.8492	4.7547	4.7024
2016	 5	20	978.354	12.2962	12.1526	11.9565	 8.7759	 6.1957	 5.3220	 5.0475	 4.8648	4.7665	4.7090
2016	 5	21	974.333	14.7958	14.6422	14.2731	 8.7223	 6.2699	 5.3544	 5.0922	 4.8974	4.7883	4.7210
2016	 5	22	969.785	15.5674	15.4911	15.2631	 8.7703	 6.4582	 5.4204	 5.1243	 4.9418	4.8275	4.7321
2016	 5	23	972.049	17.0677	16.9796	16.7999	 8.8706	 6.5327	 5.4465	 5.1398	 4.9529	4.8338	4.7427
2016	 5	24	970.590	18.7201	18.5222	18.2315	 8.9256	 6.6363	 5.5252	 5.1835	 4.9745	4.8606	4.7533
2016	 5	25	970.583	19.1194	18.9919	18.5697	 9.0274	 6.7492	 5.5657	 5.1957	 4.9877	4.8660	4.7657
2016	 5	26	976.833	18.5382	18.5238	18.4695	 9.0823	 6.8126	 5.6147	 5.2158	 5.0003	4.8864	4.7755
2016	 5	27	972.451	19.6301	19.6169	19.4207	 9.1639	 6.9109	 5.6666	 5.2443	 5.0191	4.8933	4.7830
2016	 5	28	975.861	21.0701	21.0113	20.8820	 9.2645	 7.0442	 5.7254	 5.2876	 5.0439	4.9127	4.7936
2016	 5	29	976.465	21.3692	21.2532	21.0260	 9.3097	 7.0858	 5.7714	 5.3067	 5.0573	4.9264	4.7944
2016	 5	30	968.597	22.4301	22.4097	22.3228	 9.4413	 7.1740	 5.8037	 5.3359	 5.0829	4.9361	4.8083
2016	 5	31	968.625	22.1961	22.2070	22.1433	 9.5137	 7.2790	 5.8715	 5.3682	 5.1078	4.9501	4.8157
2016	 6	 1	978.062	21.0920	21.0938	21.0453	 9.6125	 7.3254	 5.9233	 5.3862	 5.1138	4.9599	4.8203
2016	 6	 2	974.618	20.6652	20.6972	20.6458	 9.7140	 7.4316	 5.9720	 5.4260	 5.1423	4.9753	4.8308
2016	 6	 3	971.701	20.3295	20.2978	20.2181	 9.7559	 7.4783	 5.9877	 5.4357	 5.1481	4.9969	4.8361
2016	 6	 4	973.861	20.9988	20.9844	20.9107	 9.9065	 7.5973	 6.0669	 5.4658	 5.1657	5.0111	4.8422
2016	 6	 5	966.389	20.5350	20.5724	20.5723	 9.9938	 7.6513	 6.0977	 5.4907	 5.1811	5.0197	4.8475
2016	 6	 6	955.424	19.4022	19.4374	19.4350	10.0933	 7.7550	 6.1375	 5.5303	 5.2239	5.0238	4.8591
2016	 6	 7	955.632	19.4101	19.4383	19.4260	10.1983	 7.8161	 6.1760	 5.5441	 5.2217	5.0387	4.8677
2016	 6	 8	956.847	18.5801	18.6165	18.6192	10.2853	 7.9027	 6.2204	 5.5767	 5.2489	5.0591	4.8752
2016	 6	 9	962.479	16.5079	16.5444	16.5481	10.3287	 7.9323	 6.2569	 5.5906	 5.2550	5.0594	4.8922
2016	 6	10	970.715	15.6656	15.6433	15.5872	10.4724	 8.0031	 6.3046	 5.6349	 5.2917	5.0846	4.8903
2016	 6	11	968.632	16.4247	16.4485	16.4262	10.6199	 8.0450	 6.3563	 5.6638	 5.3149	5.1172	4.9110
2016	 6	12	960.382	15.7627	15.7954	15.7947	10.7668	 8.0954	 6.3984	 5.6872	 5.3225	5.1213	4.9121
2016	 6	13	966.979	15.1630	15.1181	15.0617	11.2556	 8.1698	 6.4382	 5.7071	 5.3435	5.1458	4.9212
2016	 6	14	969.361	15.6815	15.6656	15.6111	11.5953	 8.2702	 6.4755	 5.7382	 5.3833	5.1792	4.9429
2016	 6	15	970.410	17.2517	17.2178	17.1388	11.8521	 8.3846	 6.5718	 5.7932	 5.4113	5.1944	4.9507
2016	 6	16	969.076	18.7572	18.7114	18.6423	12.0474	 8.4521	 6.6053	 5.8104	 5.4232	5.2118	4.9717
2016	 6	17	971.861	20.1408	19.9789	19.7448	12.1797	 8.6021	 6.6690	 5.8579	 5.4454	5.2294	4.9727
2016	 6	18	978.312	21.5151	21.4342	21.1922	12.3367	 8.7106	 6.7591	 5.9057	 5.4714	5.2364	4.9850
2016	 6	19	978.701	22.7312	22.7367	22.6537	12.5372	 8.8308	 6.8104	 5.9469	 5.5150	5.2815	5.0105
2016	 6	20	972.611	23.6840	23.7111	23.6976	12.6672	 8.9468	 6.8514	 5.9695	 5.5285	5.2963	5.0292
2016	 6	21	963.819	23.0975	23.1367	23.1203	12.7627	 9.0753	 6.9243	 6.0325	 5.5798	5.3317	5.0579
2016	 6	22	965.438	21.8355	21.8802	21.8460	12.8014	 9.1617	 6.9866	 6.0605	 5.5922	5.3506	5.0617
2016	 6	23	968.910	21.2820	21.3017	21.2568	12.9297	 9.2077	 7.0137	 6.0747	 5.6090	5.3524	5.0723
2016	 6	24	974.590	21.4151	21.3625	21.2498	13.0717	 9.3321	 7.0815	 6.1157	 5.6342	5.3647	5.0809
2016	 6	25	978.062	22.5290	22.5294	22.4156	13.2135	 9.4539	 7.1418	 6.1498	 5.6581	5.3768	5.0804
2016	 6	26	977.083	23.4690	23.5026	23.4482	13.3723	 9.5601	 7.1959	 6.1831	 5.6779	5.3981	5.0871
2016	 6	27	970.021	23.7503	23.7861	23.7719	13.5224	 9.6853	 7.2403	 6.2253	 5.7013	5.3982	5.1091
2016	 6	28	969.236	23.4040	23.4097	23.3256	13.6280	 9.8054	 7.3395	 6.2453	 5.7325	5.4431	5.1222
2016	 6	29	969.632	23.0229	23.0501	23.0024	13.7890	 9.9112	 7.3840	 6.2797	 5.7498	5.4719	5.1468
2016	 6	30	971.667	22.5844	22.5672	22.5019	13.9939	10.0563	 7.4434	 6.3183	 5.7613	5.4787	5.1420
2016	 7	 1	970.944	23.2306	23.2661	23.2319	14.1243	10.1655	 7.5250	 6.3618	 5.7951	5.4987	5.1525
2016	 7	 2	966.368	22.4626	22.5053	22.5045	14.4148	10.3687	 7.6104	 6.4096	 5.8345	5.5202	5.1693
2016	 7	 3	971.722	21.4698	21.4922	21.4671	14.5066	10.4219	 7.6817	 6.4457	 5.8378	5.5294	5.1561
2016	 7	 4	971.188	22.0700	22.0590	22.0043	14.6394	10.5419	 7.7354	 6.4820	 5.8692	5.5523	5.1739
2016	 7	 5	966.729	23.1984	23.2084	23.1320	14.7748	10.6379	 7.7991	 6.5180	 5.8757	5.5649	5.1819
2016	 7	 6	967.303	24.3105	24.2178	24.0305	15.0018	10.8391	 7.8582	 6.5409	 5.8988	5.5756	5.1957
2016	 7	 7	967.784	23.6722	23.7194	23.6418	15.0959	10.8865	 7.8666	 6.5762	 5.9303	5.6238	5.2110
2016	 7	 8	970.097	22.8301	22.8678	22.8563	15.1820	10.8748	 7.9330	 6.5971	 5.9274	5.6046	5.2120
2016	 7	 9	968.062	21.8705	21.9076	21.9118	15.3015	10.9847	 7.9886	 6.6254	 5.9367	5.6056	5.2151
2016	 7	10	969.625	20.6406	20.6797	20.6672	15.4976	11.1112	 8.0581	 6.6571	 5.9512	5.6051	5.2161
2016	 7	11	975.979	20.9528	20.8669	20.7561	15.6415	11.1857	 8.1049	 6.6913	 5.9703	5.6147	5.2232
2016	 7	12	975.375	22.5899	22.4694	22.2758	15.8972	11.3374	 8.2030	 6.7554	 6.0161	5.6480	5.2551
2016	 7	13	971.326	23.6290	23.6467	23.5014	16.1021	11.4385	 8.2383	 6.7750	 6.0314	5.6643	5.2816
2016	 7	14	965.785	24.2685	24.3013	24.2913	16.2635	11.5620	 8.2982	 6.8169	 6.0485	5.6816	5.3016
2016	 7	15	965.083	24.1208	24.1478	24.1333	16.3796	11.6315	 8.3650	 6.8476	 6.0852	5.7103	5.3176
2016	 7	16	973.139	23.7510	23.7758	23.7469	16.6549	11.8268	 8.4655	 6.9347	 6.1667	5.7794	5.3422
2016	 7	17	976.917	23.7272	23.7222	23.6858	16.7264	11.9121	 8.5006	 6.9472	 6.1560	5.7857	5.3471
2016	 7	18	970.542	23.9222	23.9533	23.9387	16.8778	12.0479	 8.6040	 6.9915	 6.1804	5.7938	5.3534
2016	 7	19	975.410	22.9872	23.0245	23.0165	16.9601	12.1182	 8.6188	 7.0302	 6.2132	5.8217	5.3759
2016	 7	20	978.583	22.5482	22.5342	22.4927	17.0799	12.2027	 8.7158	 7.0585	 6.2154	5.8205	5.3798
2016	 7	21	974.896	23.0474	23.0683	23.0489	17.2192	12.3335	 8.7917	 7.1108	 6.2396	5.8214	5.3923
2016	 7	22	965.319	23.6769	23.6651	23.6133	17.3808	12.4766	 8.8560	 7.1374	 6.2657	5.8448	5.4164
2016	 7	23	967.028	24.0560	24.0740	24.0427	17.4696	12.5444	 8.9249	 7.1876	 6.2879	5.8753	5.4212
2016	 7	24	973.223	23.9351	23.9224	23.8624	17.6165	12.5978	 8.9789	 7.2253	 6.3093	5.8830	5.4423
2016	 7	25	969.861	23.7065	23.7501	23.7157	17.6794	12.7265	 9.0447	 7.2578	 6.3012	5.8887	5.4497
2016	 7	26	967.312	23.2124	23.1769	23.1333	17.8710	12.8943	 9.1072	 7.3101	 6.3264	5.8944	5.4391
2016	 7	27	970.410	23.7413	23.7589	23.7233	17.9930	13.0169	 9.2010	 7.3538	 6.3498	5.8946	5.4528
2016	 7	28	970.715	24.1576	24.1128	24.0435	18.1185	13.1369	 9.2256	 7.3793	 6.3694	5.9203	5.4702
2016	 7	29	972.521	24.0625	24.0865	24.0517	18.2420	13.1999	 9.3140	 7.4332	 6.3927	5.9259	5.4788
2016	 7	30	976.027	23.8552	23.8680	23.8081	18.3887	13.3350	 9.3469	 7.4513	 6.3890	5.9384	5.4812
2016	 7	31	977.906	24.3805	24.3185	24.2026	18.6349	13.4169	 9.4377	 7.4971	 6.4123	5.9419	5.4856
2016	 8	 1	977.903	24.1885	24.2108	24.1725	18.6265	13.5615	 9.5118	 7.5556	 6.4586	5.9624	5.4850
2016	 8	 2	979.069	24.4312	24.4273	24.3477	18.8340	13.6250	 9.5715	 7.5873	 6.4731	5.9666	5.5005
2016	 8	 3	978.060	24.9780	24.9445	24.8580	19.0850	13.7919	 9.6851	 7.6497	 6.5156	5.9878	5.4845
2016	 8	 4	975.500	25.2867	25.3008	25.2843	19.1707	13.9395	 9.7417	 7.6777	 6.5314	5.9897	5.5143
2016	 8	 5	969.500	25.7987	25.8435	25.8248	19.4020	14.0335	 9.8137	 7.7307	 6.5448	5.9940	5.5244
2016	 8	 6	963.299	25.4983	25.5342	25.5285	19.5410	14.1408	 9.8995	 7.7894	 6.5815	6.0209	5.5399
2016	 8	 7	968.414	24.6731	24.7138	24.6969	19.7418	14.2709	 9.9638	 7.8241	 6.6034	6.0431	5.5506
2016	 8	 8	974.635	24.0103	24.0358	24.0046	19.8573	14.3347	10.0588	 7.8668	 6.6149	6.0285	5.5631
2016	 8	 9	979.078	23.8684	23.9005	23.8860	20.2394	14.4347	10.0899	 7.9026	 6.6435	6.0457	5.5552
2016	 8	10	975.570	24.5985	24.5859	24.5039	20.4235	14.5997	10.1533	 7.9407	 6.6683	6.0588	5.5522
2016	 8	11	974.312	25.3234	25.2854	25.1249	20.6176	14.7112	10.2489	 7.9830	 6.6985	6.0836	5.5769
2016	 8	12	969.891	25.7665	25.7978	25.7904	20.8196	14.8273	10.3013	 8.0098	 6.7496	6.1048	5.5945
2016	 8	13	969.952	23.5668	23.6281	23.6144	20.7440	14.9550	10.3835	 8.0670	 6.7388	6.1086	5.5946
2016	 8	14	967.903	23.0417	23.0893	23.0831	21.0450	15.1621	10.5287	 8.1768	 6.7725	6.1175	5.5964
2016	 8	15	977.535	23.1515	23.1339	23.0774	21.2783	15.3288	10.6098	 8.2187	 6.7981	6.1337	5.5930
2016	 8	16	978.306	23.3147	23.3649	23.3476	21.3660	15.4203	10.7017	 8.2931	 6.8364	6.1457	5.6113
2016	 8	17	971.021	22.2906	22.3219	22.3194	21.3508	15.8504	10.9385	 8.3886	 6.9031	6.1988	5.6330
2016	 9	 2	980.000	22.1581	22.1915	22.1435	21.4477	17.3665	12.1281	 9.0158	 7.2830	6.3963	5.7428
2016	 9	 3	981.632	21.8801	21.8680	21.8124	21.2262	17.6288	12.0731	 9.0651	 7.2822	6.3814	5.7445
2016	 9	 4	982.569	22.0628	22.0390	22.0071	21.1356	17.7319	12.1419	 9.1158	 7.2920	6.3933	5.7393
2016	 9	 5	981.639	22.1892	22.1668	22.0633	21.1457	17.8365	12.1814	 9.1506	 7.3197	6.3997	5.7501
2016	 9	 6	977.993	22.4085	22.3869	22.3341	21.2081	17.9017	12.2783	 9.1909	 7.3229	6.4082	5.7582
2016	 9	 7	975.111	22.8436	22.8396	22.7137	21.2601	17.9480	12.3691	 9.2530	 7.3610	6.4235	5.7710
2016	 9	 8	968.826	23.1785	23.1954	23.1242	21.2667	18.0341	12.4121	 9.2703	 7.3664	6.4286	5.7714
2016	 9	 9	967.646	22.6907	22.6692	22.6347	21.2825	18.1124	12.4779	 9.3493	 7.3975	6.4286	5.7740
2016	 9	10	972.722	22.5393	22.5925	22.5822	21.3297	18.0938	12.5427	 9.3898	 7.4138	6.4406	5.7820
2016	 9	11	967.514	21.8883	21.9363	21.9372	21.3577	18.1619	12.6362	 9.4062	 7.4802	6.4624	5.8036
2016	 9	12	978.229	21.0069	21.0456	21.0437	20.7344	18.2693	12.6219	 9.4506	 7.4664	6.4701	5.7976
2016	 9	13	975.688	20.8938	20.9343	20.9330	20.4567	18.5394	12.6555	 9.4994	 7.4776	6.4717	5.8122
2016	 9	14	973.569	20.7987	20.8411	20.8383	20.3573	18.6458	12.7260	 9.5319	 7.4695	6.4832	5.8287
2016	 9	15	982.833	20.0760	20.0998	20.0964	19.7537	18.8745	12.7600	 9.5499	 7.4967	6.4942	5.8147
2016	 9	16	982.014	19.7980	19.8214	19.8085	19.3228	18.8657	12.8091	 9.6004	 7.5096	6.4973	5.8098
2016	 9	17	975.715	19.4703	19.5153	19.5056	19.1620	18.7437	12.8885	 9.6269	 7.5391	6.5110	5.8206
2016	 9	18	970.285	19.7094	19.7084	19.6774	19.1169	18.7112	13.0835	 9.7675	 7.6067	6.5336	5.8286
2016	 9	19	973.903	20.2359	20.2426	20.1797	19.1721	18.6267	13.1623	 9.8174	 7.6278	6.5622	5.8267
2016	 9	20	974.882	20.5527	20.5683	20.5334	19.2479	18.5227	13.2476	 9.8722	 7.6507	6.5738	5.8648
2016	 9	21	976.701	20.0932	20.1245	20.1162	19.3517	18.4608	13.2742	 9.8835	 7.6684	6.5811	5.8647
2016	 9	22	978.736	19.6876	19.7437	19.7292	19.3982	18.3840	13.3743	 9.9265	 7.6488	6.5877	5.8875
2016	 9	23	976.299	19.1320	19.1590	19.1527	19.0285	18.4007	13.3929	 9.9673	 7.6715	6.5854	5.8688
2016	 9	24	978.424	18.5231	18.5618	18.5570	18.4585	18.3134	13.4792	 9.9794	 7.7077	6.5992	5.8779
2016	 9	25	978.854	17.8512	17.8782	17.8682	17.7188	17.6527	13.5358	10.0232	 7.6933	6.5984	5.8825
2016	 9	26	977.181	17.2949	17.3406	17.3437	17.1903	17.1241	13.6773	10.0908	 7.7117	6.6097	5.8860
2016	 9	27	968.694	17.2122	17.2463	17.2433	16.9719	16.8985	13.9598	10.1242	 7.7483	6.6052	5.8698
2016	 9	28	978.419	17.0080	17.0514	17.0457	16.8854	16.8057	14.0502	10.1194	 7.7641	6.6130	5.8819
2016	 9	29	990.887	16.5900	16.5900	16.5662	16.2032	16.1425	14.7543	10.1843	 7.7447	6.6242	5.8770
2016	 9	30	988.895	16.2454	16.2536	16.2333	15.9685	15.9287	14.9326	10.1613	 7.7996	6.6166	5.8734
2016	10	 1	983.376	16.0988	16.1328	16.1164	15.9280	15.8760	14.6624	10.2236	 7.8246	6.6180	5.8952
2016	10	 4	984.650	15.3600	15.4550	15.5150	15.3700	15.3350	14.8850	10.5500	 7.8530	6.7645	5.8590
2016	10	 8	971.169	15.7409	15.7849	15.7766	15.4469	15.2881	14.2894	10.7660	 8.0098	6.7046	5.9276
2016	10	 9	974.750	15.6500	15.6800	15.6800	15.3925	15.2725	14.4800	10.8225	 8.0875	6.7268	5.8865
2016	10	10	983.482	14.4434	14.4548	14.4714	14.2009	14.1393	13.9475	11.2718	 8.0366	6.7325	5.9530
2016	10	11	986.620	13.7940	13.8400	13.8640	13.8120	13.7980	13.7700	11.1960	 8.0678	6.7088	5.9156
2016	10	12	979.220	14.0164	14.0418	14.0609	13.9002	13.7577	13.6816	11.3280	 8.1070	6.7569	5.9476
2016	10	13	969.462	13.7489	13.7803	13.7855	13.7780	13.7304	13.6269	11.3812	 8.1406	6.7576	5.9550
2016	10	14	984.904	13.1679	13.1987	13.2250	12.9837	12.9346	12.8654	12.0837	 8.1644	6.7848	5.9622
2016	10	15	984.574	12.8238	12.8526	12.8729	12.8309	12.8051	12.7741	11.9158	 8.1751	6.7930	5.9613
2016	10	18	957.905	12.7022	12.7100	12.7066	12.4466	12.4139	12.3744	11.9734	 8.3561	6.8243	5.9584
2016	10	19	967.412	12.5874	12.6066	12.6079	12.4072	12.3744	12.3327	11.9268	 8.4708	6.8659	6.0088
2016	10	20	977.125	12.1725	12.2050	12.2092	12.2217	12.2100	12.1892	11.8942	 8.4600	6.9087	5.9953
2016	10	21	968.842	11.9875	12.0216	12.0274	12.0315	12.0183	11.9915	11.6600	 8.6181	6.9146	6.0090
2016	10	22	955.620	11.5633	11.6000	11.6042	11.6043	11.5860	11.5472	11.3963	 8.9693	6.9804	6.0093
2016	10	23	951.056	10.8564	10.8919	10.9002	10.9156	10.9011	10.8806	10.8223	 9.7083	7.0367	6.0305
2016	11	 2	977.300	 7.0545	 7.0475	 7.0465	 6.9605	 6.9370	 6.9025	 6.8805	 6.8530	6.8180	6.6915
2017	 5	 3	972.180	 7.6116	 7.4852	 7.5402	 6.5127	 6.2842	 5.2997	 4.9254	 4.7922	4.6988	4.6536
2017	 5	 4	977.906	 7.3812	 7.3826	 7.3944	 6.8492	 6.4648	 5.3938	 4.9374	 4.7817	4.7145	4.6540
2017	 5	 5	970.935	 8.1402	 8.1439	 8.1569	 6.8354	 6.4380	 5.5762	 5.0035	 4.8338	4.7613	4.6950
2017	 5	 6	955.502	 7.6429	 7.6389	 7.6521	 6.9209	 6.5544	 5.4380	 5.0191	 4.8659	4.7843	4.7229
2017	 5	 7	954.173	 8.4517	 8.4188	 8.4362	 7.3131	 6.4890	 5.4896	 5.0870	 4.9197	4.8455	4.7691
2017	 5	 8	963.478	 8.0144	 8.0437	 8.0467	 7.2628	 6.5554	 5.6018	 5.1157	 4.9505	4.8703	4.8056
2017	 5	 9	970.497	 7.6518	 7.6826	 7.6842	 7.4579	 6.6263	 5.5916	 5.0969	 4.9351	4.8698	4.8138
2017	 5	10	974.649	 7.7663	 7.7598	 7.7664	 7.3017	 6.6324	 5.6977	 5.1534	 4.9708	4.8938	4.8284
2017	 5	11	975.787	 8.0999	 8.0863	 8.1018	 7.4546	 6.7879	 5.6760	 5.1581	 4.9777	4.9006	4.8363
2017	 5	12	974.945	 8.8421	 8.7833	 8.8078	 7.4717	 6.7400	 5.5938	 5.1711	 5.0073	4.9328	4.8641
2017	 5	13	970.547	 9.7120	 9.6306	 9.6679	 7.5089	 6.7814	 5.7042	 5.2112	 5.0252	4.9385	4.8725
2017	 5	14	964.906	10.4181	10.3831	10.4011	 7.5743	 6.8206	 5.7305	 5.2394	 5.0584	4.9784	4.8897
2017	 5	15	963.694	10.4832	10.4042	10.4380	 7.6921	 6.8407	 5.7201	 5.2356	 5.0758	4.9800	4.9067
2017	 5	16	969.751	11.4713	11.3784	11.3890	 7.9009	 6.8665	 5.8215	 5.3162	 5.1212	5.0116	4.9251
2017	 5	17	967.453	14.6773	14.4638	14.5047	 8.1024	 6.9313	 5.8098	 5.3208	 5.1382	5.0346	4.9542
2017	 5	18	963.772	17.6638	17.6351	17.6329	 8.2065	 6.9601	 5.8658	 5.3586	 5.1522	5.0328	4.9541
2017	 5	19	968.014	17.9644	17.9458	17.9215	 8.3227	 7.0197	 5.9289	 5.4328	 5.2033	5.0732	4.9724
2017	 5	20	983.360	16.2963	16.2468	16.2206	 8.4473	 7.0838	 5.9849	 5.4826	 5.2380	5.1123	4.9874
2017	 5	21	984.302	16.3249	16.3494	16.3482	 8.5856	 7.1318	 5.9941	 5.4969	 5.2568	5.1270	5.0002
2017	 5	22	973.419	15.5690	15.6003	15.6054	 8.6381	 7.1570	 6.0111	 5.5112	 5.2762	5.1254	4.9994
2017	 5	23	968.054	15.1088	15.1271	15.1164	 8.7407	 7.1875	 6.0345	 5.5292	 5.2753	5.1299	5.0025
2017	 5	24	966.614	16.0504	15.9541	15.9140	 8.8658	 7.2960	 6.1169	 5.5660	 5.2955	5.1539	5.0092
2017	 5	25	967.499	16.2372	16.1879	16.1659	 8.9533	 7.3310	 6.1279	 5.5835	 5.3421	5.1953	5.0324
2017	 5	26	963.402	15.1526	15.1864	15.1889	 9.0583	 7.3750	 6.1601	 5.6144	 5.3508	5.1903	5.0500
2017	 5	27	968.614	15.5816	15.4542	15.4266	 9.1547	 7.4478	 6.1981	 5.6153	 5.3533	5.2030	5.0443
2017	 5	28	969.460	17.3794	17.0696	17.0067	 9.2653	 7.5069	 6.2547	 5.6563	 5.3705	5.2184	5.0558
2017	 5	29	969.251	17.2549	17.1537	17.1176	 9.3733	 7.5755	 6.2613	 5.6675	 5.3851	5.2195	5.0721
2017	 5	30	971.758	15.8498	15.8739	15.8785	 9.4362	 7.6175	 6.3157	 5.6959	 5.4084	5.2400	5.0874
2017	 5	31	969.426	15.8512	15.8733	15.8731	 9.6509	 7.7212	 6.3757	 5.7371	 5.4221	5.2495	5.0939
2017	 6	 1	966.553	16.4641	16.4961	16.4938	 9.6985	 7.7750	 6.4062	 5.7792	 5.4557	5.2735	5.1231
2017	 6	 2	968.294	15.9932	16.0083	15.9999	 9.7977	 7.8375	 6.4298	 5.8070	 5.4868	5.2889	5.1274
2017	 6	 3	969.998	15.5485	15.5440	15.5344	 9.8564	 7.8536	 6.4516	 5.8180	 5.4913	5.2961	5.1255
2017	 6	 4	970.708	16.0429	15.9950	15.9788	 9.9558	 7.9081	 6.4949	 5.8305	 5.4989	5.3106	5.1381
2017	 6	 5	967.890	16.0597	16.0244	16.0180	10.0014	 7.9181	 6.5257	 5.8713	 5.5325	5.3372	5.1560
2017	 6	 6	971.099	15.0461	15.0692	15.0678	10.1099	 8.0129	 6.5644	 5.8871	 5.5420	5.3386	5.1650
2017	 6	 7	972.735	15.2292	15.1767	15.1594	10.2081	 8.0669	 6.5886	 5.8880	 5.5367	5.3513	5.1667
2017	 6	 8	971.576	17.7993	17.7169	17.6996	10.3728	 8.1033	 6.6335	 5.9318	 5.5530	5.3624	5.1719
2017	 6	 9	963.420	19.3316	18.9973	18.9165	10.4599	 8.1997	 6.6792	 5.9492	 5.5829	5.3830	5.1887
2017	 6	10	968.934	19.1552	19.1530	19.1412	10.5581	 8.2296	 6.7057	 5.9859	 5.6007	5.3994	5.1900
2017	 6	11	966.671	20.4683	20.4578	20.4363	10.6980	 8.3249	 6.7454	 6.0155	 5.6271	5.3980	5.2124
2017	 6	12	969.353	22.4622	22.4360	22.4251	10.8065	 8.3670	 6.7818	 6.0427	 5.6571	5.4295	5.2224
2017	 6	13	969.744	23.4176	23.2077	23.1515	10.9006	 8.4223	 6.8036	 6.0651	 5.6797	5.4460	5.2344
2017	 6	14	975.679	22.0103	21.9613	21.9341	10.9843	 8.4758	 6.8568	 6.0871	 5.6907	5.4654	5.2358
2017	 6	15	975.710	21.6846	21.6947	21.6732	11.0756	 8.5492	 6.8939	 6.1055	 5.7115	5.4837	5.2385
2017	 6	16	969.008	20.7224	20.7559	20.7578	11.2322	 8.6474	 6.9482	 6.1461	 5.7313	5.4893	5.2558
2017	 6	17	969.415	20.0143	20.0280	20.0143	11.3156	 8.6737	 6.9722	 6.1454	 5.7261	5.5041	5.2674
2017	 6	18	964.110	20.8505	20.7796	20.7592	11.4013	 8.7232	 7.0086	 6.1737	 5.7355	5.5092	5.2658
2017	 6	19	962.861	22.1556	22.1692	22.1549	11.5522	 8.8401	 7.0487	 6.2275	 5.7813	5.5343	5.2781
2017	 6	20	964.174	22.1263	22.1628	22.1606	11.6511	 8.8759	 7.0857	 6.2312	 5.8102	5.5625	5.2991
2017	 6	21	966.535	21.4226	21.4489	21.4378	11.7367	 8.9588	 7.1267	 6.2892	 5.8718	5.6035	5.3225
2017	 6	22	970.000	21.0677	21.0728	21.0589	11.8253	 8.9979	 7.1490	 6.3003	 5.8534	5.6161	5.3286
2017	 6	23	963.057	21.0833	21.1158	21.1141	11.8851	 9.0311	 7.1713	 6.3087	 5.8645	5.6215	5.3404
2017	 6	24	959.181	21.2681	21.2310	21.2117	11.9746	 9.0844	 7.1974	 6.3214	 5.8768	5.6225	5.3468
2017	 6	25	968.806	21.1039	21.1305	21.1242	12.0726	 9.1610	 7.2548	 6.3538	 5.8968	5.6414	5.3587
2017	 6	26	970.619	20.7736	20.7240	20.6997	12.1964	 9.2303	 7.2761	 6.3771	 5.9132	5.6497	5.3750
2017	 6	27	970.429	20.9728	21.0040	21.0003	12.2898	 9.3041	 7.3230	 6.4025	 5.9164	5.6585	5.3760
2017	 6	28	971.487	20.8878	20.9147	20.8978	12.3779	 9.3544	 7.3598	 6.4220	 5.9407	5.6689	5.3935
2017	 6	29	973.144	20.9647	20.9990	21.0004	12.4901	 9.4201	 7.4026	 6.4461	 5.9451	5.6828	5.3973
2017	 6	30	970.081	20.6416	20.6772	20.6790	12.5431	 9.4368	 7.4120	 6.4500	 5.9515	5.6837	5.3935
2017	 7	 1	968.733	20.4453	20.4747	20.4779	12.6269	 9.5108	 7.4518	 6.4711	 5.9516	5.6900	5.3923
2017	 7	 2	967.731	20.6073	20.6362	20.6309	12.8713	 9.6640	 7.5349	 6.5195	 5.9910	5.6940	5.4040
2017	 7	 3	969.533	21.1072	21.0988	21.0706	13.0488	 9.7545	 7.5807	 6.5482	 6.0299	5.7150	5.4305
2017	 7	 4	975.692	21.1783	21.1513	21.1367	13.1255	 9.8048	 7.6156	 6.5738	 6.0225	5.7247	5.4194
2017	 7	 5	979.386	22.0605	22.0430	22.0381	13.2567	 9.8928	 7.6733	 6.6039	 6.0415	5.7383	5.4201
2017	 7	 6	973.801	22.8546	22.8659	22.8574	13.3795	 9.9603	 7.7252	 6.6330	 6.0699	5.7551	5.4394
2017	 7	 7	966.545	23.0567	23.0635	23.0547	13.5346	10.0194	 7.7414	 6.6503	 6.1077	5.7840	5.4583
2017	 7	 8	963.798	22.7089	22.7263	22.7183	13.6096	10.1047	 7.7967	 6.6900	 6.1042	5.8071	5.4665
2017	 7	 9	967.601	22.3409	22.3621	22.3504	13.7308	10.1584	 7.8174	 6.6987	 6.1121	5.8100	5.4767
2017	 7	10	970.763	22.5555	22.5926	22.5921	13.9198	10.2771	 7.9199	 6.7459	 6.1420	5.8319	5.4951
2017	 7	11	969.390	22.8261	22.8483	22.8399	14.0260	10.3669	 7.9353	 6.7619	 6.1561	5.8348	5.4947
2017	 7	12	974.268	23.0506	23.0851	23.0763	14.1433	10.4004	 7.9632	 6.7902	 6.1663	5.8572	5.5071
2017	 7	13	976.035	22.4196	22.4094	22.3924	14.2385	10.4872	 8.0049	 6.8040	 6.1733	5.8576	5.4942
2017	 7	14	975.560	22.6382	22.6612	22.6551	14.3888	10.5282	 8.0616	 6.8438	 6.1914	5.8681	5.5143
2017	 7	15	970.006	22.7860	22.7180	22.6910	14.4599	10.6146	 8.0887	 6.8513	 6.1934	5.8739	5.5195
2017	 7	16	970.441	23.1290	23.1100	23.0996	14.5470	10.6810	 8.1405	 6.8772	 6.2217	5.8868	5.5303
2017	 7	17	975.401	23.3088	23.3378	23.3240	14.6337	10.7180	 8.1695	 6.9038	 6.2184	5.8925	5.5354
2017	 7	18	975.618	23.9107	23.9181	23.8963	14.7561	10.7750	 8.2130	 6.9224	 6.2304	5.8966	5.5318
2017	 7	19	973.346	24.5215	24.5501	24.5404	14.8690	10.8864	 8.2474	 6.9330	 6.2577	5.9172	5.5378
2017	 7	20	971.292	24.2232	24.2276	24.2108	14.9484	10.8979	 8.2756	 6.9570	 6.2554	5.9200	5.5423
2017	 7	21	967.814	24.6282	24.5917	24.5786	15.0507	11.0106	 8.3524	 6.9933	 6.2765	5.9272	5.5588
2017	 7	22	969.592	24.3256	24.3187	24.3103	15.2150	11.0612	 8.3726	 7.0155	 6.2994	5.9396	5.5630
2017	 7	23	970.223	24.1355	24.1319	24.1014	15.3063	11.1426	 8.4381	 7.0325	 6.3083	5.9446	5.5578
2017	 7	24	971.958	23.3903	23.4297	23.4304	15.4172	11.2208	 8.4703	 7.0632	 6.3296	5.9469	5.5655
2017	 7	25	977.506	22.0410	22.0372	22.0105	15.5642	11.3401	 8.5353	 7.1020	 6.3455	5.9495	5.5633
2017	 7	26	979.567	22.2683	22.2245	22.1980	15.7800	11.4113	 8.6143	 7.1523	 6.3629	5.9717	5.5737
2017	 7	27	969.965	21.8549	21.8869	21.8851	15.8698	11.5135	 8.5985	 7.1586	 6.3811	5.9753	5.5795
2017	 7	28	970.776	21.6998	21.7021	21.6824	15.9856	11.5480	 8.6649	 7.1842	 6.4010	5.9896	5.6032
2017	 7	29	972.856	21.8346	21.8591	21.8292	16.1383	11.6528	 8.7131	 7.2239	 6.4087	5.9995	5.5974
2017	 7	30	974.425	22.2046	22.1637	22.1283	16.3370	11.7201	 8.7826	 7.2629	 6.4248	6.0099	5.5937
2017	 7	31	974.425	23.1036	22.9998	22.9319	16.4782	11.8519	 8.8668	 7.3168	 6.4517	6.0148	5.6140
2017	 8	 1	975.621	23.5885	23.5169	23.4336	16.6419	11.9047	 8.8903	 7.3278	 6.4831	6.0531	5.6354
2017	 8	 2	974.474	24.1965	24.0846	24.0212	16.7976	12.0589	 8.9740	 7.3645	 6.4935	6.0683	5.6396
2017	 8	 3	975.999	24.4269	24.4427	24.3973	16.9797	12.1112	 9.0198	 7.4112	 6.5338	6.0879	5.6469
2017	 8	 4	972.864	24.3485	24.3716	24.3496	17.1205	12.2561	 9.0740	 7.4483	 6.5417	6.0950	5.6625
2017	 8	 5	966.486	23.8074	23.8505	23.8512	17.5081	12.5381	 9.2176	 7.5442	 6.6183	6.1255	5.6927
2017	 8	 6	969.707	22.6710	22.7194	22.7188	17.6126	12.6295	 9.2570	 7.5723	 6.6344	6.1408	5.7236
2017	 8	 7	974.312	21.9059	21.9251	21.9024	17.6532	12.6564	 9.2874	 7.5899	 6.6164	6.1493	5.6977
2017	 8	 8	972.408	22.0615	22.0725	22.0379	17.7947	12.7545	 9.3396	 7.6228	 6.6410	6.1563	5.6953
2017	 8	 9	975.215	22.1010	22.1259	22.1011	17.9229	12.8642	 9.3711	 7.6609	 6.6727	6.1729	5.7081
2017	 8	10	980.133	22.2190	22.2676	22.2317	18.0453	12.9098	 9.4209	 7.6854	 6.6732	6.1723	5.7110
2017	 8	11	977.084	22.9933	22.9947	22.9567	18.1701	13.0113	 9.4935	 7.7286	 6.6928	6.1779	5.7122
2017	 8	12	969.187	23.0276	23.0694	23.0573	18.3633	13.1453	 9.5690	 7.7727	 6.7229	6.1906	5.7161
2017	 8	13	969.220	22.4419	22.4658	22.4424	18.4126	13.2772	 9.6174	 7.8040	 6.7421	6.1872	5.7185
2017	 8	14	972.847	22.7207	22.7733	22.7440	18.5699	13.3238	 9.6687	 7.8481	 6.7621	6.2051	5.7293
2017	 8	15	969.272	22.9908	23.0479	23.0260	18.6399	13.4231	 9.7124	 7.8742	 6.7718	6.2205	5.7381
2017	 8	16	972.751	22.4997	22.5127	22.4764	18.6881	13.5435	 9.7372	 7.9006	 6.7959	6.2182	5.7521
2017	 8	17	974.105	22.2394	22.2842	22.2419	18.8384	13.5842	 9.8000	 7.9394	 6.8044	6.2405	5.7518
2017	 8	18	968.446	22.0115	22.0665	22.0517	18.9462	13.6499	 9.8612	 7.9874	 6.8164	6.2255	5.7495
2017	 8	19	965.160	21.6519	21.7075	21.6852	18.9817	13.7469	 9.8731	 7.9854	 6.8212	6.2145	5.7443
2017	 8	20	970.534	21.9070	21.9273	21.8986	19.2108	13.8181	 9.9135	 8.0343	 6.8506	6.2357	5.7601
2017	 8	21	975.208	22.3531	22.4020	22.3628	19.2666	13.8842	 9.9926	 8.0705	 6.8651	6.2638	5.7705
2017	 8	22	967.910	22.4231	22.4787	22.4632	19.3288	14.0235	10.0622	 8.1283	 6.8974	6.2934	5.7866
2017	 8	23	961.856	21.5490	21.6017	21.5947	19.9448	14.6474	10.3557	 8.3263	 7.0521	6.3667	5.8315
2017	 8	24	969.582	20.9067	20.9623	20.9383	20.1444	14.6686	10.4020	 8.3312	 7.0267	6.3653	5.8176
2017	 8	25	976.208	20.4747	20.5007	20.4572	19.8704	14.7038	10.4216	 8.3472	 7.0122	6.3682	5.8255
2017	 8	26	981.366	20.1133	20.1988	20.1282	19.6535	14.6917	10.4544	 8.3693	 7.0152	6.3718	5.8164
2017	 8	27	984.066	20.1414	20.1937	20.0534	19.4092	14.7951	10.4599	 8.3820	 7.0310	6.3782	5.8092
2017	 8	28	984.319	20.1659	20.2292	20.1342	19.2852	14.8613	10.4992	 8.4151	 7.0609	6.3790	5.8304
2017	 8	29	981.926	20.4083	20.5117	20.4462	19.2206	14.9416	10.5490	 8.4499	 7.0774	6.3963	5.8295
2017	 8	30	973.834	20.5265	20.5916	20.5152	19.2251	15.0462	10.5939	 8.4499	 7.0901	6.4081	5.8283
2017	 8	31	970.137	20.2842	20.3198	20.2876	19.2093	15.0671	10.6442	 8.4887	 7.1295	6.4345	5.8574
2017	 9	 1	974.866	19.0358	19.0847	19.0552	18.8287	15.2353	10.6347	 8.4972	 7.1367	6.4308	5.8711
2017	 9	 2	979.369	18.8104	18.9392	18.8319	18.2244	15.4262	10.6879	 8.5051	 7.1337	6.4438	5.8643
2017	 9	 3	972.715	18.3433	18.3867	18.3743	17.9774	15.7775	10.7369	 8.5392	 7.1660	6.4464	5.8645
2017	 9	 4	963.483	17.4969	17.5430	17.5369	17.5048	16.1614	10.8210	 8.5895	 7.1781	6.4395	5.8626
2017	 9	 5	961.567	17.6436	17.6989	17.6635	17.3781	16.2333	10.8554	 8.6288	 7.2164	6.4794	5.8763
2017	 9	 6	969.201	17.6168	17.6692	17.6565	17.3695	16.0312	10.9180	 8.6511	 7.2044	6.4808	5.8739
2017	 9	 7	967.265	17.5491	17.6043	17.5751	17.3287	16.0279	10.9598	 8.6831	 7.2217	6.4794	5.8719
2017	 9	 8	970.815	17.3148	17.3665	17.3397	17.1585	16.0469	11.0158	 8.7042	 7.2510	6.4887	5.8860
2017	 9	 9	981.529	17.1544	17.2353	17.1781	16.9153	16.0960	11.0580	 8.7550	 7.2632	6.4850	5.8837
2017	 9	10	986.274	17.2712	17.3397	17.2625	16.8237	16.1637	11.1277	 8.7658	 7.2833	6.5016	5.8847
2017	 9	11	983.159	17.6846	17.6832	17.5809	16.8156	16.0947	11.2187	 8.7867	 7.2815	6.5147	5.8944
2017	 9	12	973.288	18.1064	18.1321	18.0644	16.8644	15.9928	11.2349	 8.8317	 7.3177	6.5210	5.9171
2017	 9	13	968.578	18.7643	18.7849	18.7015	16.9608	15.8874	11.3215	 8.8694	 7.3517	6.5368	5.9258
2017	 9	14	968.208	19.4240	19.2872	19.1371	17.0354	15.8647	11.3696	 8.9034	 7.3403	6.5442	5.9205
2017	 9	15	975.142	20.0507	20.0481	19.9425	17.1151	15.7969	11.4285	 8.9235	 7.3557	6.5410	5.9231
2017	 9	16	978.558	20.6167	20.4663	20.3127	17.1920	15.7608	11.4719	 8.9550	 7.3824	6.5682	5.9202
2017	 9	17	978.255	21.1284	21.0056	20.9462	17.2607	15.7489	11.5410	 8.9857	 7.4163	6.5702	5.9428
2017	 9	18	977.777	21.4391	21.3628	21.2934	17.3244	15.7099	11.5678	 9.0222	 7.4262	6.5736	5.9465
2017	 9	19	976.801	21.5042	21.4916	21.4167	17.3663	15.7053	11.6210	 9.0497	 7.4548	6.5943	5.9565
2017	 9	20	976.190	21.4438	21.3768	21.3276	17.4142	15.6841	11.6348	 9.0993	 7.4753	6.5999	5.9538
2017	 9	21	978.547	20.9578	21.0115	20.9677	17.4717	15.6747	11.6446	 9.1039	 7.4889	6.6124	5.9666
2017	 9	22	979.157	20.9739	20.9924	20.8814	17.5442	15.6540	11.7153	 9.1610	 7.5008	6.6252	5.9752
2017	 9	23	975.735	20.9797	20.9212	20.8651	17.6112	15.6832	11.7317	 9.1914	 7.5135	6.6301	5.9636
2017	 9	24	975.810	21.8472	21.7300	21.6758	17.6699	15.6517	11.8128	 9.2427	 7.5505	6.6672	5.9823
2017	 9	25	976.407	22.9647	22.8684	22.8019	17.7408	15.6829	11.8448	 9.2848	 7.5447	6.6622	6.0008
2017	 9	26	974.149	23.4471	23.3231	23.2183	17.8059	15.6858	11.8543	 9.2911	 7.5694	6.7048	6.0130
2017	 9	27	968.239	23.1679	23.1460	23.1281	17.8511	15.7040	11.9083	 9.3441	 7.5929	6.7215	6.0097
2017	 9	28	968.441	21.4761	21.5283	21.5230	17.9160	15.7611	11.9569	 9.3803	 7.6561	6.7688	6.0633
2017	 9	29	974.028	19.6456	19.7186	19.7091	18.0444	15.7168	11.9656	 9.4112	 7.6339	6.7826	6.0552
2017	 9	30	980.651	18.6973	18.7628	18.7444	18.0453	15.7626	11.9794	 9.4533	 7.6451	6.7804	6.0504
2017	10	 1	983.044	17.7888	17.8361	17.8372	17.6753	15.9170	12.0063	 9.4841	 7.6734	6.7855	6.0624
2017	10	 2	985.955	17.5090	17.5619	17.5209	17.1490	16.2154	12.0223	 9.5158	 7.6615	6.7899	6.0551
2017	10	 3	988.942	17.3319	17.3874	17.3817	16.9014	16.2507	12.0621	 9.5532	 7.6925	6.7825	6.0603
2017	10	 4	978.706	17.1257	17.1599	17.1626	16.8408	16.2374	12.0803	 9.5861	 7.7351	6.7789	6.0651
2017	10	 5	972.918	16.8941	16.9390	16.9427	16.7274	16.1927	12.1725	 9.6535	 7.7761	6.8262	6.0922
2017	10	 6	973.709	16.5528	16.6016	16.5986	16.4688	16.2469	12.1938	 9.6855	 7.7512	6.8127	6.0827
2017	10	 7	973.408	16.2108	16.2478	16.2510	16.2343	16.1169	12.2210	 9.7049	 7.7624	6.8150	6.0775
2017	10	 8	964.951	16.2033	16.2330	16.2356	16.1351	15.9750	12.3321	 9.7301	 7.8245	6.8295	6.0929
2017	10	 9	970.763	16.1867	16.2215	16.2240	16.1020	15.9009	12.3979	 9.8058	 7.8476	6.8679	6.0891
2017	10	10	973.100	16.1369	16.1499	16.1364	15.8763	15.7493	12.4713	 9.8410	 7.8694	6.8691	6.0919
2017	10	11	981.714	15.7719	15.8229	15.8156	15.6503	15.5521	12.5324	 9.8573	 7.8706	6.8756	6.0964
2017	10	12	987.287	15.2130	15.2663	15.2566	15.0359	14.9917	12.6142	 9.8740	 7.8746	6.8786	6.1038
2017	10	13	984.367	14.7526	14.7953	14.7977	14.6683	14.5996	12.8757	 9.8828	 7.8904	6.8910	6.0968
2017	10	14	978.767	14.5301	14.5646	14.5668	14.4974	14.4389	13.0344	 9.8603	 7.9132	6.8792	6.0949
2017	10	15	967.020	14.3792	14.4101	14.4148	14.4181	14.3904	13.2008	 9.9331	 7.9423	6.8851	6.1050
2017	10	16	969.868	13.9777	14.0202	14.0224	13.9949	13.9369	13.2221	10.0774	 8.0721	6.9919	6.1479
2017	10	17	976.892	13.0981	13.1322	13.1385	13.1457	13.1332	13.0601	10.1722	 8.0600	6.9924	6.1561
2017	10	18	976.424	12.8892	12.9403	12.9303	12.6529	12.6288	12.5949	10.4076	 8.0558	7.0109	6.1428
2017	10	19	972.076	12.8356	12.8713	12.8757	12.6565	12.6128	12.5327	10.6885	 8.1023	7.0158	6.1679
2017	10	20	973.183	12.6026	12.6301	12.6261	12.4921	12.4343	12.3449	11.0013	 8.0794	7.0320	6.1855
2017	10	21	979.129	12.6949	12.7410	12.7088	12.3413	12.3058	12.2487	10.9926	 8.1058	7.0176	6.1796
2017	10	22	983.285	13.0683	13.0856	13.0750	12.3071	12.2570	12.1922	11.0155	 8.1195	7.0274	6.1788
2017	10	23	978.685	12.8656	12.8883	12.8856	12.3638	12.2903	12.1842	10.9807	 8.1767	7.0478	6.1877
2017	10	24	967.133	12.9769	12.9929	12.9931	12.4098	12.3128	12.1688	11.0142	 8.2134	7.0566	6.2019
2017	10	25	963.145	12.8984	12.9320	12.9335	12.5006	12.3388	12.1664	10.9797	 8.1998	7.0699	6.2245
2017	10	26	964.993	12.5271	12.5672	12.5666	12.4046	12.3257	12.1568	10.9742	 8.2299	7.0808	6.2260
2017	10	27	967.456	12.1430	12.1924	12.1940	12.1212	12.0827	12.0150	11.0965	 8.2642	7.0863	6.2394
2017	10	28	969.358	12.0019	12.0441	12.0442	11.8535	11.8131	11.7662	11.2105	 8.3004	7.0852	6.2465
2017	10	29	966.001	11.9956	12.0265	12.0308	11.7294	11.6874	11.6390	11.2963	 8.3266	7.0900	6.2295
2017	10	30	945.962	11.5926	11.6286	11.6330	11.6377	11.6131	11.5721	11.3953	 8.8482	7.2353	6.2842
2017	10	31	961.083	10.9692	11.0088	11.0148	11.0357	11.0267	11.0248	11.0167	 9.8270	7.2991	6.2847
2017	11	 1	979.206	10.4160	10.4548	10.4567	10.4642	10.4520	10.4432	10.4190	 9.7651	7.2847	6.2926
2017	11	 2	978.362	10.0828	10.1185	10.1224	10.1368	10.1278	10.1217	10.0761	 9.6310	7.2777	6.2858
2018	 5	10	958.787	 7.2870	 7.3343	 7.2931	 4.7837	 4.4867	 4.3658	 4.3738	 4.4477	4.4922	4.6538
2018	 5	11	971.609	 6.6640	 6.6669	 6.5125	 5.0976	 4.8381	 4.5662	 4.4285	 4.4187	4.4453	4.6017
2018	 5	12	976.763	 7.6731	 7.6826	 7.5440	 5.8390	 5.3217	 4.6992	 4.4438	 4.4290	4.4746	4.5912
2018	 5	13	975.835	 9.5321	 9.5331	 9.4162	 5.9707	 5.3444	 4.7501	 4.5415	 4.4686	4.4913	4.5861
2018	 5	14	968.053	11.7088	11.7394	11.6583	 6.1192	 5.4727	 4.8782	 4.6074	 4.5185	4.5131	4.6026
2018	 5	15	965.819	13.2459	13.2338	12.9981	 6.1712	 5.4883	 4.8888	 4.6185	 4.5449	4.5434	4.6045
2018	 5	16	974.738	12.6508	12.6872	12.6603	 6.2275	 5.5015	 4.9222	 4.6749	 4.5936	4.5462	4.6108
2018	 5	17	973.012	13.9074	13.8958	13.7726	 6.3433	 5.5994	 4.9826	 4.7050	 4.6038	4.5679	4.6287
2018	 5	18	984.923	14.1265	14.1251	13.9897	 6.4730	 5.6609	 5.0435	 4.7725	 4.6385	4.5809	4.6311
2018	 5	19	980.705	14.4616	14.4944	14.4547	 6.5984	 5.7266	 5.0758	 4.7877	 4.6599	4.6004	4.6445
2018	 5	20	968.961	14.4202	14.3522	14.2392	 6.7113	 5.7976	 5.1214	 4.8234	 4.6830	4.6162	4.6409
2018	 5	21	975.408	15.1504	15.1449	15.0330	 6.8608	 5.8974	 5.1794	 4.8642	 4.7107	4.6380	4.6506
2018	 5	22	974.915	15.9150	15.9440	15.9321	 6.9786	 5.9745	 5.2164	 4.8809	 4.7193	4.6427	4.6667
2018	 5	23	969.684	16.2737	16.2258	16.1340	 7.0658	 6.0091	 5.2637	 4.9149	 4.7392	4.6625	4.6686
2018	 5	24	975.289	16.6438	16.6346	16.5780	 7.2214	 6.0967	 5.3056	 4.9465	 4.7591	4.6691	4.6719
2018	 5	25	965.996	17.8016	17.8188	17.7675	 7.3780	 6.1940	 5.3522	 4.9792	 4.7717	4.6884	4.6859
2018	 5	26	965.598	19.1511	19.0952	18.9692	 7.4770	 6.2569	 5.4101	 5.0233	 4.8056	4.7104	4.6946
2018	 5	27	974.707	18.5686	18.6037	18.5824	 7.5603	 6.2994	 5.4435	 5.0270	 4.8260	4.7317	4.6962
2018	 5	28	971.856	17.6603	17.6933	17.6710	 7.6310	 6.3536	 5.4679	 5.0426	 4.8465	4.7425	4.7005
2018	 5	29	974.008	18.5837	18.4942	18.3128	 7.7917	 6.4280	 5.5075	 5.0667	 4.8554	4.7509	4.7082
2018	 5	30	977.040	19.9847	19.9079	19.6828	 7.9357	 6.5125	 5.5657	 5.1133	 4.8808	4.7608	4.7186
2018	 5	31	971.074	21.4144	21.3898	21.1032	 8.1666	 6.6475	 5.6296	 5.1596	 4.9169	4.7866	4.7292
2018	 6	 1	966.206	22.7093	22.6070	22.4577	 8.2601	 6.7083	 5.6631	 5.1798	 4.9300	4.8023	4.7360
2018	 6	 2	970.722	21.8543	21.7976	21.6085	 8.4182	 6.8079	 5.7130	 5.2115	 4.9508	4.8185	4.7318
2018	 6	 3	974.201	21.0042	21.0341	21.0110	 8.6006	 6.8913	 5.7661	 5.2405	 4.9738	4.8321	4.7324
2018	 6	 4	963.761	19.7200	19.7601	19.7662	 8.7707	 6.9979	 5.8261	 5.2972	 5.0168	4.8600	4.7481
2018	 6	 5	959.357	18.2278	18.2570	18.2318	 8.8935	 7.0780	 5.8802	 5.3019	 5.0104	4.8603	4.7601
2018	 6	 6	967.649	18.1244	18.1540	18.1437	 9.0273	 7.1268	 5.9175	 5.3367	 5.0322	4.8832	4.7690
2018	 6	 7	972.611	17.9944	18.0317	18.0317	 9.1406	 7.1968	 5.9494	 5.3481	 5.0426	4.8940	4.7742
2018	 6	 8	977.015	18.3703	18.3073	18.2544	 9.2905	 7.2592	 5.9847	 5.3709	 5.0630	4.8938	4.7808
2018	 6	 9	977.480	18.8460	18.8331	18.7618	 9.4545	 7.3867	 6.0641	 5.4324	 5.0915	4.9202	4.7811
2018	 6	10	976.998	19.0240	19.0217	18.9682	 9.6362	 7.4698	 6.1212	 5.4652	 5.1128	4.9353	4.7928
2018	 6	11	977.033	19.6242	19.6097	19.5398	 9.8702	 7.5877	 6.1766	 5.5149	 5.1455	4.9694	4.8010
2018	 6	12	973.686	20.2886	20.3233	20.3146	10.0701	 7.7087	 6.2488	 5.5452	 5.1764	4.9840	4.8084
2018	 6	13	965.956	20.7541	20.7510	20.6697	10.2516	 7.8020	 6.3034	 5.5851	 5.2133	5.0157	4.8240
2018	 6	14	961.106	20.2428	20.2823	20.2826	10.4793	 7.9004	 6.3578	 5.6140	 5.2258	5.0329	4.8303
2018	 6	15	970.952	19.7366	19.7141	19.6649	10.5577	 7.9765	 6.3876	 5.6293	 5.2401	5.0441	4.8332
2018	 6	16	972.072	20.7045	20.6893	20.6313	10.7960	 8.0629	 6.4498	 5.6673	 5.2727	5.0645	4.8448
2018	 6	17	973.677	21.9419	21.9506	21.9045	10.9563	 8.1872	 6.5154	 5.7215	 5.3048	5.0837	4.8548
2018	 6	18	966.222	22.6408	22.6401	22.5944	11.2542	 8.2991	 6.5795	 5.7657	 5.3353	5.1075	4.8693
2018	 6	19	968.070	21.6145	21.5937	21.5454	11.4952	 8.4352	 6.6415	 5.7995	 5.3672	5.1385	4.8853
2018	 6	20	967.902	21.4952	21.5081	21.4656	11.6395	 8.5426	 6.7114	 5.8398	 5.3849	5.1584	4.8951
2018	 6	21	969.160	21.1593	21.1585	21.0990	11.8113	 8.6055	 6.7390	 5.8722	 5.4131	5.1769	4.9124
2018	 6	22	973.662	21.5170	21.5506	21.5251	11.9608	 8.7072	 6.8048	 5.9061	 5.4368	5.1931	4.9202
2018	 6	23	970.551	21.8415	21.8708	21.8363	12.1428	 8.7958	 6.8621	 5.9355	 5.4559	5.2031	4.9199
2018	 6	24	967.690	21.2775	21.2996	21.2772	12.2708	 8.8525	 6.8746	 5.9502	 5.4664	5.2106	4.9256
2018	 6	25	974.638	20.6494	20.6742	20.6492	12.3521	 8.9463	 6.9234	 5.9850	 5.4837	5.2218	4.9404
2018	 6	26	979.915	20.9253	20.9419	20.8708	12.5715	 9.0066	 6.9723	 6.0109	 5.4984	5.2365	4.9409
2018	 6	27	973.094	21.7096	21.7142	21.6095	12.7652	 9.1618	 7.0455	 6.0529	 5.5188	5.2583	4.9476
2018	 6	28	967.011	21.9443	21.9702	21.9269	12.9166	 9.2094	 7.0816	 6.0746	 5.5453	5.2698	4.9645
2018	 6	29	969.338	22.0589	22.0637	21.9749	13.0517	 9.3008	 7.1139	 6.1018	 5.5639	5.2854	4.9660
2018	 6	30	971.632	23.5773	23.5839	23.4697	13.2527	 9.3981	 7.1634	 6.1348	 5.5835	5.2953	4.9820
2018	 7	 1	973.297	25.2525	25.1053	24.8360	13.4042	 9.4906	 7.2208	 6.1719	 5.6188	5.3197	4.9985
2018	 7	 2	973.233	26.7147	26.4288	26.1258	13.6155	 9.5583	 7.2499	 6.1926	 5.6247	5.3178	5.0093
2018	 7	 3	978.203	26.8981	26.8465	26.7838	13.7634	 9.6831	 7.3393	 6.2466	 5.6627	5.3490	5.0119
2018	 7	 4	983.218	27.1678	27.1930	27.1683	13.9326	 9.8028	 7.3844	 6.2686	 5.6800	5.3662	5.0230
2018	 7	 5	979.712	27.8730	27.8970	27.8548	14.1092	 9.9066	 7.4465	 6.3037	 5.7066	5.3894	5.0286
2018	 7	 6	973.660	26.9894	27.0293	27.0308	14.3509	10.0376	 7.5180	 6.3648	 5.7415	5.4074	5.0520
2018	 7	 7	981.977	24.5167	24.5276	24.5016	14.4270	10.1358	 7.5705	 6.3825	 5.7558	5.4278	5.0564
2018	 7	 8	981.672	24.5164	24.5559	24.5513	14.6368	10.2301	 7.6268	 6.4194	 5.7660	5.4343	5.0640
2018	 7	 9	976.126	24.6807	24.7159	24.6960	14.7835	10.3328	 7.6688	 6.4482	 5.7855	5.4468	5.0668
2018	 7	10	970.965	24.9977	25.0102	24.9849	14.9715	10.4606	 7.7415	 6.4861	 5.8079	5.4623	5.0737
2018	 7	11	975.532	24.4477	24.4617	24.4231	15.1156	10.5293	 7.7863	 6.5188	 5.8268	5.4752	5.0864
2018	 7	12	979.078	24.4074	24.3971	24.3182	15.3013	10.6401	 7.8500	 6.5540	 5.8437	5.4838	5.0932
2018	 7	13	980.826	24.7917	24.8290	24.7893	15.4488	10.7757	 7.9328	 6.6054	 5.8707	5.4918	5.0945
2018	 7	14	974.956	24.7565	24.7767	24.7634	15.6407	10.8595	 7.9552	 6.6107	 5.8835	5.5107	5.0989
2018	 7	15	972.895	24.9710	24.9245	24.8721	15.8201	10.9599	 8.0194	 6.6589	 5.9148	5.5163	5.1112
2018	 7	16	972.558	25.5693	25.5818	25.5512	15.9504	11.0807	 8.0993	 6.6911	 5.9401	5.5282	5.1174
2018	 7	17	966.225	25.8527	25.8842	25.8508	16.1852	11.2002	 8.1262	 6.7208	 5.9552	5.5487	5.1218
2018	 7	18	971.808	24.7252	24.7450	24.7239	16.3219	11.2776	 8.1940	 6.7520	 5.9687	5.5559	5.1344
2018	 7	19	975.419	24.2969	24.3376	24.3218	16.5223	11.3715	 8.2636	 6.7935	 5.9863	5.5668	5.1395
2018	 7	20	977.322	24.6868	24.7167	24.6938	16.6731	11.5286	 8.3215	 6.8319	 6.0198	5.5829	5.1521
2018	 7	21	976.866	25.4736	25.4630	25.4244	16.8805	11.6697	 8.3970	 6.8655	 6.0448	5.6044	5.1611
2018	 7	22	976.228	25.0559	25.0935	25.0599	17.0695	11.7549	 8.4341	 6.8903	 6.0563	5.6034	5.1656
2018	 7	23	978.101	24.2529	24.2662	24.2512	17.1772	11.8407	 8.4931	 6.9202	 6.0537	5.5955	5.1693
2018	 7	24	977.991	24.5188	24.5523	24.5415	17.4314	11.9589	 8.5453	 6.9649	 6.0840	5.6235	5.1814
2018	 7	25	972.023	24.0714	24.1158	24.1214	18.0645	12.3967	 8.7463	 7.0760	 6.1472	5.6794	5.1895
2018	 7	26	967.519	24.1703	24.1757	24.1389	18.3279	12.5739	 8.8565	 7.1460	 6.1635	5.6778	5.1973
2018	 7	27	969.911	24.3852	24.4156	24.3212	18.4869	12.7278	 8.9278	 7.1760	 6.1880	5.7094	5.2091
2018	 7	28	971.755	24.1366	24.1790	24.1681	18.6119	12.8049	 8.9739	 7.2095	 6.2227	5.7528	5.2160
2018	 7	29	973.922	24.1212	24.1465	24.1190	18.7608	12.9451	 9.0134	 7.2387	 6.2315	5.7625	5.2227
2018	 7	30	976.376	24.3319	24.3624	24.3417	18.9816	13.0569	 9.0942	 7.2830	 6.2610	5.7637	5.2355
2018	 7	31	976.970	24.7016	24.7255	24.6991	19.0187	13.1515	 9.1637	 7.3141	 6.2909	5.7839	5.2389
2018	 8	 1	974.459	24.9412	24.9876	24.9638	19.1454	13.2379	 9.1971	 7.3373	 6.3113	5.8009	5.2480
2018	 8	 2	972.197	24.6237	24.6486	24.6229	19.1985	13.3183	 9.2269	 7.3655	 6.3173	5.7880	5.2559
2018	 8	 3	976.955	24.8653	24.9069	24.8982	19.3165	13.3693	 9.2804	 7.3892	 6.3285	5.8022	5.2664
2018	 8	 4	977.171	24.9259	24.9645	24.9407	19.3194	13.4785	 9.3422	 7.4155	 6.3517	5.8148	5.2758
2018	 8	 5	976.894	25.2000	25.2374	25.2058	19.4810	13.5572	 9.4006	 7.4593	 6.3691	5.8214	5.2766
2018	 8	 6	973.769	25.8552	25.8557	25.7756	19.5917	13.6940	 9.4417	 7.4906	 6.4052	5.8365	5.2851
2018	 8	 7	970.793	26.1067	26.1311	26.0658	19.7469	13.8315	 9.5369	 7.5541	 6.4348	5.8712	5.3124
2018	 8	 8	970.708	25.8687	25.9235	25.9043	19.8257	13.8954	 9.5945	 7.5739	 6.4499	5.8715	5.3217
2018	 8	 9	966.051	25.5518	25.5888	25.5791	19.8769	14.0083	 9.6184	 7.5957	 6.4637	5.8751	5.3245
2018	 8	10	970.506	25.0017	25.0387	25.0217	19.9662	14.0816	 9.6910	 7.6423	 6.4782	5.8709	5.3340
2018	 8	11	973.270	24.9243	24.9504	24.9288	20.1324	14.1627	 9.7650	 7.6766	 6.5012	5.8847	5.3372
2018	 8	12	977.475	25.2121	25.0923	24.9881	20.2247	14.3238	 9.8274	 7.7044	 6.5358	5.9114	5.3416
2018	 8	13	977.437	25.3167	25.2442	25.1107	20.4070	14.4069	 9.9279	 7.7615	 6.5600	5.9210	5.3529
2018	 8	14	971.113	25.4409	25.4670	25.3540	20.5116	14.5319	 9.9948	 7.7934	 6.5967	5.9356	5.3566
2018	 8	15	968.716	25.2162	25.2548	25.2260	20.5729	14.6260	10.0095	 7.8123	 6.6094	5.9476	5.3674
2018	 8	16	974.340	24.7658	24.7819	24.7349	20.6936	14.6861	10.0914	 7.8562	 6.6165	5.9561	5.3809
2018	 8	17	974.101	24.2486	24.3016	24.2981	20.8439	14.7586	10.1475	 7.8928	 6.6409	5.9683	5.3889
2018	 8	18	971.158	23.4230	23.4589	23.4436	21.1933	14.8740	10.1766	 7.9077	 6.6461	5.9654	5.3943
2018	 8	19	975.785	23.5135	23.5264	23.4953	21.5781	14.9458	10.2667	 7.9692	 6.6796	5.9783	5.3977
2018	 8	20	978.642	23.7448	23.7981	23.7722	21.5738	15.0848	10.3483	 8.0211	 6.7148	5.9975	5.3961
2018	 8	21	975.273	23.6530	23.7081	23.6912	21.5360	15.2033	10.4151	 8.0553	 6.7334	6.0219	5.4058
2018	 8	22	961.796	23.1756	23.2186	23.2259	21.8683	15.3871	10.4775	 8.0944	 6.7656	6.0169	5.4124
2018	 8	31	983.932	21.9590	21.9947	21.9839	21.3130	16.5122	11.1601	 8.4898	 6.9775	6.1294	5.5038
2018	 9	 1	981.115	21.8609	21.9126	21.9074	21.2712	16.6424	11.2133	 8.5489	 7.0024	6.1479	5.4987
2018	 9	 2	977.974	21.7447	21.7967	21.7910	21.2544	16.6586	11.2715	 8.5612	 7.0133	6.1615	5.4993
2018	 9	 3	977.220	21.8638	21.8806	21.8545	21.1597	16.7772	11.3338	 8.6105	 7.0326	6.1771	5.5107
2018	 9	 4	982.372	22.2389	22.2165	22.1336	21.2040	16.8598	11.4057	 8.6502	 7.0664	6.1999	5.5142
2018	 9	 5	978.874	22.6659	22.6918	22.6385	21.2150	16.9496	11.5185	 8.7308	 7.1003	6.2022	5.5203
2018	 9	 6	976.842	22.9311	22.9572	22.9191	21.2191	17.1058	11.5819	 8.7537	 7.1329	6.2343	5.5469
2018	 9	 7	980.744	22.1894	22.2483	22.2400	21.3230	17.1268	11.6560	 8.8110	 7.1741	6.2412	5.5544
2018	 9	 8	981.302	21.4735	21.5230	21.5170	21.0842	17.1924	11.7439	 8.8408	 7.1780	6.2593	5.5635
2018	 9	 9	984.374	20.6638	20.7232	20.6962	20.4837	17.4176	11.7876	 8.8765	 7.2039	6.2528	5.5737
2018	 9	10	983.946	19.9638	20.0330	20.0233	19.9172	17.8519	11.8679	 8.9262	 7.2140	6.2663	5.5742
2018	 9	11	978.550	19.3944	19.4581	19.4256	19.2651	18.3359	11.9278	 8.9999	 7.2470	6.2716	5.5738
2018	 9	12	982.687	19.7385	19.7383	19.6672	19.1833	18.1551	12.0138	 9.0597	 7.2667	6.2960	5.5751
2018	 9	13	983.960	20.1359	19.9963	19.8514	19.2786	18.0453	12.1031	 9.1143	 7.2956	6.3007	5.5767
2018	 9	14	982.288	20.7185	20.6384	20.5450	19.3799	18.0033	12.1792	 9.1845	 7.3126	6.3114	5.5830
2018	 9	15	979.661	21.1757	21.0644	20.8692	19.4866	17.9183	12.2791	 9.2623	 7.3607	6.3442	5.5878
2018	 9	16	980.872	21.5087	21.4578	21.3672	19.5475	17.8385	12.3676	 9.3131	 7.4196	6.3660	5.6014
2018	 9	17	974.737	21.8070	21.8217	21.7536	19.6372	17.8482	12.4516	 9.3969	 7.4292	6.3757	5.6226
2018	 9	18	967.290	21.7829	21.8188	21.8052	19.7078	17.7894	12.5442	 9.4205	 7.4472	6.3905	5.6418
2018	 9	19	973.708	21.0233	21.0738	21.0550	19.7760	17.7534	12.5480	 9.4502	 7.4561	6.4246	5.6520
2018	 9	20	980.465	20.3605	20.4273	20.4120	19.8420	17.7513	12.6368	 9.4913	 7.4834	6.4064	5.6464
2018	 9	21	971.845	19.6844	19.7279	19.7303	19.6417	17.8799	12.7294	 9.5534	 7.5154	6.4266	5.6544
2018	 9	22	972.508	18.9224	18.9631	18.9703	18.8178	18.1521	12.9922	 9.7435	 7.6269	6.4868	5.6839
2018	 9	23	980.581	18.0892	18.1326	18.1351	18.1010	17.9158	13.0735	 9.8140	 7.6125	6.4958	5.6679
2018	 9	24	990.274	17.3113	17.3514	17.3544	17.2485	17.1633	13.1799	 9.8626	 7.6216	6.5042	5.6804
2018	 9	25	983.592	16.5108	16.5515	16.5565	16.5634	16.5309	13.6059	 9.9781	 7.6511	6.5131	5.6803
2018	 9	26	967.295	16.1858	16.2164	16.2159	16.1153	16.0658	14.0349	10.0899	 7.6980	6.5521	5.6933
2018	 9	27	976.219	16.1281	16.1735	16.1687	15.8668	15.8158	14.4431	10.1665	 7.7726	6.5922	5.7010
2018	 9	28	974.467	16.1062	16.1510	16.1488	15.8120	15.7190	14.4305	10.2109	 7.8022	6.5950	5.6989
2018	 9	29	976.055	15.9665	16.0051	16.0044	15.7548	15.6914	14.3483	10.2410	 7.8301	6.6101	5.7088
2018	 9	30	981.062	15.6003	15.6433	15.6420	15.5932	15.5528	14.3171	10.3481	 7.8439	6.6273	5.7164
2018	10	 1	983.788	15.3584	15.4003	15.3656	15.0920	15.0584	14.5375	10.4124	 7.8450	6.6268	5.7168
2018	10	 2	979.973	14.8707	14.9142	14.9154	14.8368	14.7983	14.3265	10.5232	 7.8764	6.6423	5.7360
2018	10	 3	975.365	14.3214	14.3658	14.3635	14.3425	14.3130	13.9743	10.5715	 7.8693	6.6371	5.7421
2018	10	 4	968.438	14.1403	14.1650	14.1610	14.0757	14.0535	13.9479	10.6871	 7.9014	6.6495	5.7492
2018	10	 5	980.565	13.7653	13.8110	13.8045	13.6520	13.6098	13.5417	10.7849	 7.9254	6.6844	5.7458
2018	10	 6	978.061	13.3691	13.4173	13.4170	13.3875	13.3558	13.2647	11.0893	 7.9251	6.6918	5.7623
2018	10	 7	980.060	13.0286	13.0750	13.0753	13.0658	13.0431	12.9939	11.2185	 7.9474	6.6946	5.7683
2018	10	 8	986.631	12.6647	12.7091	12.7094	12.7036	12.6828	12.6458	11.4538	 7.9592	6.7006	5.7642
2018	10	 9	977.281	12.9455	12.9549	12.9360	12.4621	12.4255	12.3860	11.6839	 8.0269	6.7132	5.7770
2018	10	10	973.560	14.3806	14.1361	13.8706	12.4761	12.4195	12.3708	11.6293	 8.0952	6.7541	5.7908
2018	10	11	963.465	12.6638	12.6977	12.6920	12.4920	12.4388	12.3800	11.5018	 8.1384	6.7690	5.8142
2018	10	12	959.428	12.3374	12.3753	12.3781	12.3620	12.3423	12.2809	11.5940	 8.2009	6.8000	5.8232
2018	10	13	964.172	11.9154	11.9518	11.9545	11.9641	11.9522	11.9433	11.7761	 8.2460	6.8081	5.8225
2018	10	14	974.290	11.4922	11.5363	11.5371	11.4925	11.4642	11.4375	11.3257	 8.2703	6.8104	5.8199
2018	10	15	970.242	11.2983	11.3356	11.3367	11.3250	11.2969	11.2720	11.1702	 8.4177	6.8119	5.8224
2018	10	16	966.739	10.7422	10.7825	10.7878	10.7942	10.7786	10.7576	10.7102	 9.0754	6.8327	5.8597
2018	10	17	964.074	10.2662	10.3028	10.3076	10.3180	10.3053	10.2981	10.2874	10.0236	6.8320	5.8502
2018	10	18	975.347	 9.6708	 9.7057	 9.7137	 9.7067	 9.6816	 9.6678	 9.6474	 9.5253	6.8735	5.8721
2018	10	19	970.782	 9.2812	 9.3158	 9.3204	 9.2842	 9.2616	 9.2338	 9.1955	 9.1490	7.2841	5.8625
2018	10	20	955.606	 9.3377	 9.3724	 9.3799	 9.3526	 9.3069	 9.2233	 9.1451	 9.0123	7.8662	5.8806
2018	10	21	965.658	 8.8467	 8.8812	 8.8877	 8.8809	 8.8661	 8.8553	 8.8399	 8.7985	8.2277	5.8870
2018	10	22	974.071	 8.2786	 8.3199	 8.3215	 8.3225	 8.3093	 8.2987	 8.2802	 8.2613	8.1066	5.8766
2018	10	23	974.730	 8.0244	 8.0604	 8.0643	 8.0186	 8.0062	 7.9943	 7.9787	 7.9533	7.7808	5.8827
2018	10	24	974.888	 7.8145	 7.8402	 7.8381	 7.7792	 7.7631	 7.7550	 7.7485	 7.7399	7.6735	5.8806
2018	10	25	974.707	 7.4802	 7.5149	 7.5234	 7.5321	 7.5210	 7.5138	 7.5056	 7.4978	7.4574	5.8927
2018	10	26	974.312	 7.0457	 7.0789	 7.0875	 7.0633	 7.0388	 7.0259	 7.0173	 7.0091	6.9783	6.0311
2018	10	27	976.213	 6.6335	 6.6717	 6.6770	 6.6676	 6.6545	 6.6484	 6.6422	 6.6353	6.5956	6.2471
2018	10	28	964.426	 6.1338	 6.1765	 6.1817	 6.2044	 6.1932	 6.1887	 6.1843	 6.1820	6.1590	6.1035
2018	10	29	961.760	 5.8807	 5.9193	 5.9170	 5.8926	 5.8795	 5.8744	 5.8717	 5.8743	5.8503	5.8087
2018	10	30	967.377	 5.7509	 5.7853	 5.7886	 5.7793	 5.7674	 5.7642	 5.7614	 5.7618	5.7426	5.7204
2019	 5	16	967.271	11.0864	11.2586	10.9250	 5.6616	 5.2887	 5.0357	 4.8905	 4.7811	4.7240	4.6910
2019	 5	17	964.199	10.4268	10.5217	 9.7158	 5.6914	 5.3017	 5.0272	 4.8874	 4.7875	4.7372	4.7025
2019	 5	18	970.221	 9.3302	 9.3931	 9.1654	 5.7220	 5.3193	 5.0524	 4.8932	 4.8002	4.7581	4.7134
2019	 5	19	972.356	10.1189	10.1762	 9.9212	 5.7881	 5.3756	 5.0895	 4.9178	 4.8305	4.7716	4.7245
2019	 5	20	961.758	11.0446	11.0753	10.9292	 5.8312	 5.4037	 5.0972	 4.9427	 4.8550	4.7930	4.7426
2019	 5	21	966.261	10.8114	10.8399	10.6505	 6.0044	 5.5123	 5.1614	 4.9858	 4.8870	4.8211	4.7742
2019	 5	22	979.019	10.7967	10.8260	10.7224	 6.1458	 5.5190	 5.1898	 5.0226	 4.9059	4.8446	4.7835
2019	 5	23	973.784	12.6218	12.6419	12.5011	 6.3061	 5.6116	 5.2548	 5.0637	 4.9403	4.8685	4.7982
2019	 5	24	968.519	12.3487	12.3938	12.1190	 6.5065	 5.7000	 5.2902	 5.0839	 4.9540	4.8812	4.8144
2019	 5	25	975.705	12.8588	12.8994	12.8605	 6.6385	 5.7534	 5.3265	 5.1222	 4.9858	4.9092	4.8278
2019	 5	26	966.826	13.9502	14.0090	13.8284	 6.7377	 5.8080	 5.3472	 5.1386	 5.0039	4.9118	4.8476
2019	 5	27	972.868	14.5773	14.6335	14.5485	 6.9471	 5.9105	 5.4133	 5.1869	 5.0357	4.9529	4.8620
2019	 5	28	970.375	14.4580	14.5043	14.4894	 7.0122	 5.9582	 5.4261	 5.1952	 5.0507	4.9647	4.8695
2019	 5	29	964.792	14.4531	14.5011	14.4797	 7.1529	 6.0217	 5.4652	 5.2074	 5.0659	4.9767	4.8874
2019	 5	30	961.423	15.3875	15.4239	15.4134	 7.2519	 6.0932	 5.5085	 5.2378	 5.0844	4.9865	4.8964
2019	 5	31	964.644	15.5539	15.5982	15.5719	 7.4185	 6.1788	 5.5620	 5.2709	 5.1100	5.0074	4.9027
2019	 6	 1	967.556	15.8250	15.8664	15.8173	 7.5635	 6.2647	 5.6100	 5.2930	 5.1257	5.0126	4.9103
2019	 6	 2	961.593	16.4903	16.5347	16.5210	 7.6848	 6.3418	 5.6617	 5.3280	 5.1448	5.0341	4.9061
2019	 6	 3	962.019	15.4668	15.5074	15.5035	 7.8167	 6.4256	 5.6819	 5.3533	 5.1623	5.0465	4.9274
2019	 6	 4	970.490	14.6566	14.7003	14.6956	 7.8420	 6.4519	 5.7060	 5.3763	 5.1828	5.0579	4.9355
2019	 6	 5	966.392	15.3040	15.3549	15.3076	 8.0221	 6.5559	 5.7584	 5.3965	 5.1870	5.0578	4.9490
2019	 6	 6	966.033	16.2610	16.3397	16.1396	 8.1968	 6.6510	 5.8243	 5.4456	 5.2148	5.0838	4.9542
2019	 6	 7	970.342	17.1850	17.2679	17.0946	 8.3554	 6.7368	 5.8731	 5.4791	 5.2536	5.1124	4.9457
2019	 6	 8	978.812	17.9748	18.0822	17.8333	 8.5339	 6.8768	 5.9495	 5.5295	 5.2869	5.1401	4.9795
2019	 6	 9	981.981	19.2674	19.3449	19.0925	 8.7231	 6.9752	 6.0142	 5.5922	 5.3158	5.1676	4.9904
2019	 6	10	976.576	20.6313	20.6937	20.4811	 8.9359	 7.0967	 6.0762	 5.6219	 5.3494	5.1857	5.0120
2019	 6	11	967.636	20.2237	20.2800	20.2226	 9.1526	 7.1961	 6.1247	 5.6518	 5.3750	5.2042	5.0450
2019	 6	12	975.557	19.3810	19.4410	19.3912	 9.3022	 7.2678	 6.1848	 5.6846	 5.4056	5.2247	5.0338
2019	 6	13	970.431	19.7427	19.7915	19.7852	 9.4816	 7.3727	 6.2325	 5.7078	 5.4122	5.2354	5.0483
2019	 6	14	961.935	18.4190	18.4603	18.4615	 9.5378	 7.4170	 6.2542	 5.7289	 5.4233	5.2396	5.0548
2019	 6	15	967.737	17.5882	17.6303	17.6294	 9.6434	 7.4709	 6.2808	 5.7421	 5.4342	5.2484	5.0593
2019	 6	16	968.094	17.2891	17.3816	17.2538	 9.8057	 7.5563	 6.3293	 5.7624	 5.4508	5.2720	5.0712
2019	 6	17	972.441	17.7733	17.8717	17.7063	 9.9394	 7.6260	 6.3715	 5.7920	 5.4726	5.2851	5.0751
2019	 6	18	972.259	18.6497	18.7158	18.6208	10.0470	 7.6827	 6.4066	 5.8069	 5.4819	5.2921	5.0769
2019	 6	19	967.706	19.3615	19.4601	19.3162	10.1773	 7.7635	 6.4377	 5.8332	 5.5025	5.3101	5.0935
2019	 6	20	963.392	19.4425	19.5241	19.2796	10.2637	 7.8290	 6.4805	 5.8574	 5.5188	5.3173	5.1121
2019	 6	21	963.303	18.6051	18.6951	18.5835	10.3469	 7.8651	 6.4824	 5.8590	 5.5263	5.3263	5.1268
2019	 6	22	969.048	18.8665	18.9503	18.8420	10.4431	 7.9377	 6.5389	 5.8970	 5.5388	5.3345	5.1213
2019	 6	23	970.469	19.3019	19.4010	19.2625	10.6330	 8.0107	 6.5708	 5.9176	 5.5572	5.3475	5.1457
2019	 6	24	969.278	20.2805	20.4161	20.2407	10.7804	 8.1297	 6.6405	 5.9601	 5.5886	5.3717	5.1232
2019	 6	25	967.057	20.5185	20.6203	20.3597	10.8994	 8.1941	 6.6835	 5.9789	 5.6091	5.4004	5.1328
2019	 6	26	971.358	20.2228	20.2850	20.2197	11.0257	 8.2472	 6.6938	 5.9962	 5.6227	5.4060	5.1596
2019	 6	27	975.140	21.5758	21.6958	21.3589	11.1987	 8.3668	 6.7502	 6.0254	 5.6379	5.4187	5.1657
2019	 6	28	977.327	22.4849	22.6897	22.2753	11.3802	 8.4327	 6.8165	 6.0943	 5.7024	5.4772	5.1633
2019	 6	29	972.454	23.1175	23.2683	22.9199	11.5644	 8.5438	 6.8616	 6.1220	 5.7405	5.5101	5.1842
2019	 6	30	968.158	22.9249	23.0009	22.9367	11.6752	 8.6431	 6.9222	 6.1436	 5.7643	5.5405	5.2342
2019	 7	 1	970.756	22.9039	23.0540	22.7472	11.8412	 8.7407	 6.9601	 6.1752	 5.7766	5.5686	5.2419
2019	 7	 2	966.599	23.9428	24.1269	23.5450	12.0119	 8.8228	 7.0130	 6.1990	 5.7959	5.5759	5.2264
2019	 7	 3	968.935	24.1182	24.2478	24.0706	12.1653	 8.9336	 7.0765	 6.2314	 5.8165	5.5897	5.2225
2019	 7	 4	975.136	25.0538	25.1984	24.8385	12.2848	 9.0041	 7.1202	 6.2609	 5.8189	5.5964	5.2475
2019	 7	 5	976.081	25.3786	25.4794	25.1568	12.4715	 9.1120	 7.1637	 6.2880	 5.8483	5.6138	5.2486
2019	 7	 6	970.301	25.0753	25.1536	25.0852	12.7927	 9.3119	 7.2557	 6.3422	 5.8740	5.6244	5.2785
2019	 7	 7	974.044	24.2417	24.3577	24.2333	12.9752	 9.4138	 7.3115	 6.3868	 5.8937	5.6418	5.3016
2019	 7	 8	973.872	24.1074	24.2649	24.0971	13.0682	 9.5053	 7.3679	 6.4096	 5.9168	5.6490	5.2899
2019	 7	 9	973.999	24.0800	24.1960	24.0831	13.2426	 9.5842	 7.4130	 6.4303	 5.9334	5.6677	5.2993
2019	 7	10	974.325	24.5249	24.6251	24.5338	13.3096	 9.6390	 7.4359	 6.4487	 5.9406	5.6744	5.2969
2019	 7	11	969.795	24.6166	24.6814	24.6537	13.4358	 9.7147	 7.4635	 6.4645	 5.9485	5.6780	5.3011
2019	 7	12	964.902	23.8401	23.9347	23.8467	13.5884	 9.8414	 7.5389	 6.5083	 5.9830	5.7020	5.3050
2019	 7	13	968.276	24.1342	24.2040	24.1563	13.7029	 9.9076	 7.5687	 6.5298	 5.9952	5.7100	5.3276
2019	 7	14	970.115	23.9426	24.0447	23.9491	14.0399	10.0825	 7.6480	 6.5822	 6.0336	5.7394	5.3440
2019	 7	15	974.734	23.5877	23.7588	23.5475	14.1085	10.1345	 7.7036	 6.6051	 6.0471	5.7450	5.3572
2019	 7	16	972.419	23.7717	23.8424	23.7941	14.1999	10.2089	 7.7406	 6.6323	 6.0661	5.7448	5.3554
2019	 7	17	969.248	24.0452	24.1583	24.0156	14.3003	10.2596	 7.7655	 6.6493	 6.0732	5.7551	5.3649
2019	 7	18	973.792	24.2752	24.4781	24.2715	14.4454	10.3357	 7.8016	 6.6690	 6.0888	5.7692	5.3697
2019	 7	19	966.506	24.8465	24.9902	24.7128	14.5782	10.4649	 7.8842	 6.7117	 6.1164	5.7845	5.3662
2019	 7	20	965.363	25.9735	26.0866	25.8044	14.7803	10.5645	 7.9272	 6.7459	 6.1368	5.7987	5.3940
2019	 7	21	964.631	26.5734	26.6867	26.5614	14.9317	10.6419	 7.9810	 6.7786	 6.1620	5.8242	5.3913
2019	 7	22	970.930	25.5968	25.7237	25.6724	15.0669	10.7240	 8.0424	 6.8066	 6.1862	5.8345	5.3890
2019	 7	23	969.191	24.9306	25.0322	24.9538	15.1868	10.8088	 8.0779	 6.8290	 6.1954	5.8329	5.3991
2019	 7	24	973.108	24.4060	24.5474	24.4525	15.2956	10.8619	 8.1155	 6.8624	 6.2102	5.8452	5.4075
2019	 7	25	975.917	24.3140	24.4328	24.3109	15.4090	10.9695	 8.1931	 6.8923	 6.2266	5.8463	5.4067
2019	 7	26	980.115	24.8733	25.0231	24.8163	15.5960	11.0767	 8.2272	 6.9257	 6.2560	5.8826	5.4175
2019	 7	27	980.292	25.3051	25.4124	25.2221	15.7351	11.1631	 8.2738	 6.9646	 6.2814	5.8946	5.4506
2019	 7	28	972.983	25.4179	25.5119	25.4524	15.9045	11.2499	 8.3285	 6.9970	 6.2973	5.9000	5.4494
2019	 7	29	971.265	25.8226	25.9237	25.8675	15.9910	11.3497	 8.4172	 7.0444	 6.3273	5.9293	5.4511
2019	 7	30	970.361	26.2244	26.3092	26.2634	16.1962	11.4849	 8.4569	 7.0608	 6.3572	5.9497	5.4750
2019	 7	31	972.953	25.9165	26.0437	25.9559	16.3590	11.5603	 8.5383	 7.1127	 6.3939	5.9829	5.4755
2019	 8	 1	977.367	25.3040	25.4910	25.3372	16.4637	11.6478	 8.5592	 7.1332	 6.3852	5.9827	5.4669
2019	 8	 2	977.594	25.2002	25.3403	25.2461	16.5915	11.7324	 8.6326	 7.1824	 6.4106	5.9862	5.4782
2019	 8	 3	972.987	24.9790	25.0747	25.0376	16.7271	11.8433	 8.6900	 7.2049	 6.4332	6.0050	5.4945
2019	 8	 4	972.844	24.2999	24.5022	24.3263	16.8527	11.9153	 8.7151	 7.2314	 6.4410	6.0173	5.4803
2019	 8	 5	972.672	24.0256	24.1825	24.0594	16.9872	12.0226	 8.8160	 7.2791	 6.4668	6.0106	5.4957
2019	 8	 6	967.812	24.1883	24.2759	24.2406	17.1701	12.1037	 8.8547	 7.3206	 6.4972	6.0281	5.5208
2019	 8	 7	966.617	24.1746	24.3079	24.2138	17.2987	12.1949	 8.8956	 7.3388	 6.5085	6.0533	5.5015
2019	 8	 8	961.910	24.3383	24.4544	24.3779	17.4392	12.2933	 8.9490	 7.3812	 6.5297	6.0587	5.5255
2019	 8	 9	960.953	23.8839	23.9730	23.9313	17.6304	12.3791	 8.9992	 7.4154	 6.5604	6.0640	5.5491
2019	 8	10	964.474	23.1343	23.2480	23.1872	17.7358	12.4894	 9.0582	 7.4469	 6.5768	6.0786	5.5409
2019	 8	11	969.610	22.4098	22.4867	22.4502	17.9417	12.5771	 9.0984	 7.4797	 6.5898	6.0932	5.5582
2019	 8	12	968.596	22.5610	22.6733	22.5853	18.2492	12.6768	 9.1526	 7.5141	 6.6075	6.0964	5.5504
2019	 8	13	966.849	22.8660	23.0457	22.8658	18.4206	12.7995	 9.2369	 7.5620	 6.6289	6.1092	5.5743
2019	 8	14	971.213	22.6660	22.8409	22.6963	18.5556	12.8904	 9.2648	 7.5757	 6.6634	6.1321	5.5709
2019	 8	15	975.626	22.3428	22.5821	22.3629	18.7012	12.9722	 9.3594	 7.6340	 6.6864	6.1449	5.5700
2019	 8	16	974.747	22.8671	23.3312	22.7831	18.9979	13.1618	 9.4297	 7.6810	 6.7155	6.1729	5.5760
2019	 8	17	973.379	22.8674	22.9746	22.8263	19.0369	13.2092	 9.4675	 7.7116	 6.7530	6.1890	5.5792
2019	 8	18	972.885	22.7209	22.8383	22.7560	19.0873	13.2849	 9.5025	 7.7431	 6.7662	6.1869	5.5918
2019	 8	19	969.472	23.2676	23.3681	23.2809	19.1304	13.4315	 9.5687	 7.7766	 6.7831	6.2002	5.6188
2019	 8	20	974.606	23.0827	23.2183	23.1168	19.1886	13.5281	 9.6035	 7.8253	 6.8139	6.2291	5.6282
2019	 8	21	     NA	23.7060	23.7645	23.7370	19.1305	13.5820	 9.8415	 7.8984	 6.8257	6.2139	5.6014
2019	 8	25	     NA	21.2725	21.4700	21.3500	20.2300	14.0250	10.1425	 8.1050	 7.0002	6.2082	5.6452
2019	 9	 1	983.256	20.9156	21.2037	20.9536	20.1574	15.1410	10.4785	 8.3710	 7.1232	6.3832	5.7724
2019	 9	 2	973.383	20.8456	21.0128	20.8806	20.1726	15.1871	10.5797	 8.4157	 7.1494	6.3906	5.7449
2019	 9	 3	975.112	20.6600	20.9601	20.6990	20.0391	15.3369	10.6195	 8.4444	 7.1558	6.4174	5.7438
2019	 9	 4	     NA	20.5734	20.6229	20.6200	20.0097	15.3774	10.6889	 8.5313	 7.1764	6.4270	5.7657
2019	 9	19	983.259	17.2227	17.5302	17.2531	16.6482	16.2856	11.7620	 9.0923	 7.4715	6.5761	5.8354
2019	 9	20	     NA	17.9583	18.0167	17.9733	16.6625	16.4075	11.5333	 9.0542	 7.5651	6.5426	5.8404
2019	10	13	974.478	12.4533	12.5844	12.4944	12.4800	12.4322	12.3244	10.6700	 7.9601	6.9736	5.9960
2019	10	15	974.105	11.9602	12.0649	11.9994	11.9089	11.8178	11.7587	10.9883	 8.1714	6.8865	6.0316
2019	10	16	968.663	11.7592	11.8258	11.8003	11.7346	11.6959	11.6662	11.1504	 8.2276	6.9020	6.0562
2019	10	17	     NA	11.6265	11.6604	11.6646	11.6750	11.6596	11.6358	10.9892	 8.2754	6.8693	6.0615
2019	10	21	977.887	10.5704	11.0046	10.5782	 9.9734	 9.9268	 9.9054	 9.8815	 9.5547	7.0116	6.0783
2019	10	22	     NA	10.7621	10.8179	10.8014	 9.9636	 9.9329	 9.9014	 9.8779	 9.5314	7.0422	6.0758
2019	10	25	980.420	 9.6642	 9.8617	 9.7080	 9.6036	 9.5786	 9.5619	 9.5326	 9.3499	7.2915	6.1159
2019	10	26	978.385	 9.5785	 9.6154	 9.6246	 9.6015	 9.5692	 9.5469	 9.5192	 9.4077	7.3741	6.1187
2019	10	29	     NA	 9.0200	 9.1600	 9.0467	 8.9400	 8.9200	 8.9000	 8.8800	 8.8400	8.3000	6.1433
