year	month	day	airP_hPa	0.65A_m	0.65B_m	0.73m	1.73m	2.73m	3.73m	4.58m	5.58m	6.53m	7.53m	8.53m	10.53m
2022	 5	 4	973.2200	 7.042133	 7.065133	 6.962000	 6.161200	 5.881133	 5.321667	 4.953267	 4.765000	 4.649667	4.602400	4.583667	4.589733
2022	 5	 5	976.0535	 6.870049	 6.961875	 6.884743	 6.496507	 5.967056	 5.261993	 4.909014	 4.710257	 4.633375	4.596417	4.578590	4.583063
2022	 5	 6	973.6090	 8.037625	 8.152201	 8.058521	 7.639312	 6.789236	 5.757590	 5.102188	 4.812576	 4.698764	4.637167	4.608764	4.610736
2022	 5	 7	975.3125	 9.040347	 9.102431	 9.038889	 8.396361	 7.157049	 5.910687	 5.161646	 4.856465	 4.741694	4.667660	4.633340	4.630229
2022	 5	 8	980.0986	10.001597	10.135347	10.010556	 9.020486	 7.557118	 5.954604	 5.247187	 4.921604	 4.787951	4.702840	4.658132	4.658847
2022	 5	 9	983.7646	10.697222	11.088194	10.734375	 9.628542	 7.879104	 6.166250	 5.381958	 4.993903	 4.835771	4.746375	4.695826	4.675590
2022	 5	10	986.5389	12.554167	12.806944	12.579514	10.517014	 8.089340	 6.394340	 5.529569	 5.074361	 4.878056	4.766958	4.714125	4.698194
2022	 5	11	983.9132	14.542639	14.678264	14.467778	10.937431	 8.406340	 6.490465	 5.594778	 5.125757	 4.919028	4.798243	4.736861	4.720042
2022	 5	12	982.9951	15.925694	16.316458	15.912847	11.567500	 8.689819	 6.720486	 5.746840	 5.203111	 4.967437	4.839875	4.769924	4.732181
2022	 5	13	979.0868	17.730278	17.952014	17.677569	12.250347	 8.929889	 6.859410	 5.837493	 5.269729	 5.010160	4.864285	4.785312	4.745160
2022	 5	14	973.7500	19.841806	19.911528	19.740278	12.890139	 9.183125	 7.010132	 5.957181	 5.336167	 5.057736	4.901646	4.811250	4.758181
2022	 5	15	968.1688	21.090764	21.187569	20.962569	13.410347	 9.389583	 7.143958	 6.030229	 5.395806	 5.087875	4.926125	4.826660	4.769799
2022	 5	16	961.8472	20.300764	20.372361	20.245903	13.897778	 9.569931	 7.279833	 6.112854	 5.429292	 5.114257	4.949597	4.859931	4.772931
2022	 5	17	955.4861	17.842639	17.872292	17.833403	14.185694	 9.756111	 7.380882	 6.178465	 5.469889	 5.141701	4.961722	4.864125	4.794007
2022	 5	18	968.0771	15.185208	15.311528	15.257917	14.713056	10.139097	 7.522556	 6.271542	 5.540104	 5.188854	4.996188	4.888681	4.799660
2022	 5	19	964.7174	15.174931	15.202431	15.191806	15.052083	10.439861	 7.615292	 6.328778	 5.578479	 5.236625	5.021590	4.917479	4.825875
2022	 5	20	966.8076	14.985347	15.072708	15.027431	14.884514	10.637986	 7.689944	 6.378694	 5.607535	 5.249979	5.030243	4.917972	4.828938
2022	 5	21	967.1903	16.628819	16.869167	16.765903	15.646319	11.178611	 7.888160	 6.517868	 5.683007	 5.299618	5.077069	4.943444	4.846000
2022	 5	22	971.3826	17.735278	18.218194	18.148056	15.918819	11.388403	 8.018236	 6.594069	 5.739132	 5.358431	5.117903	4.992111	4.875444
2022	 5	23	979.4351	16.972703	17.061757	17.053514	15.959459	11.525676	 8.125865	 6.664932	 5.787514	 5.390230	5.135243	5.014892	4.891473
2022	 6	 1	967.7333	18.642778	18.754444	18.755000	18.298333	13.403889	 9.457222	 7.372167	 6.207611	 5.661000	5.362500	5.199333	5.016056
2022	 6	 2	966.4528	18.140208	18.516528	18.362639	18.002778	13.582778	 9.393056	 7.437285	 6.249924	 5.683451	5.364965	5.192903	5.007861
2022	 6	 3	      NA	18.345970	19.180299	18.900896	18.126269	13.763134	 9.512537	 7.500239	 6.283866	 5.697940	5.374119	5.215642	5.019239
2022	 6	 5	969.6403	18.909776	19.029627	19.017537	18.761269	14.342612	 9.914776	 7.729030	 6.427500	 5.813843	5.475463	5.286687	5.085239
2022	 6	 6	974.1444	18.653333	19.196181	19.094931	18.512361	14.537222	 9.974236	 7.778778	 6.462104	 5.823104	5.482021	5.303917	5.091604
2022	 6	 7	      NA	18.876327	19.681429	19.674490	18.680816	14.778367	10.094184	 7.879316	 6.506102	 5.850714	5.507357	5.310092	5.098235
2022	 6	29	977.9724	21.048966	21.752759	21.756552	20.215862	17.938276	13.531034	 9.718276	 7.519621	 6.528586	5.975862	5.694069	5.397552
2022	 6	30	976.8680	21.466400	21.877200	21.844000	20.715200	18.084400	13.637200	 9.700000	 7.566400	 6.554240	6.028240	5.753800	5.379720
2022	 7	 1	970.5826	21.115208	21.352917	21.331944	20.930069	18.048889	13.757986	 9.774861	 7.544139	 6.545951	6.017604	5.738806	5.395299
2022	 7	 2	966.7618	21.453750	21.819514	21.782917	21.222431	18.216458	13.809583	 9.859514	 7.599312	 6.575528	6.030042	5.753896	5.412118
2022	 7	 3	971.7694	21.658472	22.001389	21.900000	21.517361	18.435556	13.850208	 9.948611	 7.632486	 6.606604	6.053215	5.769146	5.437833
2022	 7	 4	976.2826	21.621181	21.983056	21.821042	21.563472	18.672431	13.975278	10.011111	 7.673021	 6.637313	6.071465	5.781854	5.436785
2022	 7	 5	973.1486	21.813125	21.921042	21.923611	21.745903	18.894167	13.979583	10.091736	 7.720438	 6.666382	6.088465	5.798882	5.450097
2022	 7	 6	      NA	21.198780	21.225732	21.225244	21.194268	18.900610	14.030610	10.104756	 7.710634	 6.655183	6.086744	5.791476	5.451244
2022	 7	10	975.5081	21.796593	22.304296	22.224519	21.672815	20.215852	14.535556	10.490000	 7.966400	 6.799133	6.199763	5.868363	5.495911
2022	 7	11	967.7944	22.281667	22.683333	22.672153	22.172708	20.370764	14.636875	10.571250	 8.019639	 6.832903	6.233903	5.891083	5.554097
2022	 7	12	959.0806	22.491736	22.665347	22.631319	22.405486	20.518542	14.768403	10.644792	 8.057681	 6.871021	6.244889	5.897958	5.582153
2022	 7	13	      NA	22.111395	22.180465	22.174651	22.079651	20.610116	14.815465	10.696744	 8.070988	 6.865233	6.233093	5.910593	5.534093
2022	 7	14	974.6207	22.450541	22.558378	22.507027	22.399009	20.860000	15.014685	10.804865	 8.165369	 6.935523	6.267153	5.930550	5.538892
2022	 7	15	      NA	21.971341	21.990732	21.991829	21.962927	20.832805	15.112561	10.915244	 8.207000	 6.954317	6.279305	5.938183	5.534000
2022	 7	16	975.4154	22.613154	23.248615	23.192385	22.328231	21.174615	15.283154	11.052769	 8.294277	 7.009546	6.323831	5.949731	5.541408
2022	 7	17	973.3715	23.054931	24.001597	23.659444	22.840000	21.221597	15.404792	11.135417	 8.342639	 7.029653	6.347847	5.980826	5.536910
2022	 7	18	972.6067	23.332667	25.845333	24.120667	23.165333	21.420000	15.498000	11.181333	 8.372000	 7.034000	6.341733	5.954933	5.532467
2022	 8	10	      NA	22.686098	22.921220	22.825854	21.924878	21.656829	20.180732	14.743659	10.400732	 8.285854	7.066732	6.508024	5.892122
2022	 8	11	970.8167	22.305208	22.332778	22.235417	21.872222	21.684792	20.235972	14.745139	10.425556	 8.327083	7.076257	6.505306	5.873625
2022	 8	12	974.9875	21.549792	21.552639	21.558264	21.518542	21.462986	20.260903	14.781528	10.459931	 8.342431	7.078917	6.507514	5.872715
2022	 8	13	977.7812	21.451319	21.508264	21.330069	21.048056	20.946319	20.357847	14.855625	10.485694	 8.355694	7.094646	6.516368	5.880569
2022	 8	14	      NA	21.897544	21.894561	21.850702	21.149298	20.898246	20.288246	14.880351	10.566842	 8.369298	7.098105	6.541807	5.879228
2022	 8	19	973.3899	22.817342	22.893671	22.388861	21.828481	21.677342	20.165190	15.503544	10.862658	 8.629620	7.276190	6.585797	5.926506
2022	 8	20	977.5451	23.353264	23.400556	23.143750	22.140556	21.811875	20.251667	15.568472	10.937639	 8.674792	7.268035	6.615410	5.966736
2022	 8	21	976.4352	23.822951	23.839180	23.630656	22.622541	21.987951	20.263115	15.675820	10.959016	 8.682541	7.297434	6.635631	5.971918
2022	 9	14	970.7684	21.428421	21.439211	21.416842	21.336316	21.221316	19.882895	16.264474	11.559737	 9.163158	7.601026	6.766158	6.140500
2022	 9	15	977.3545	20.421545	20.423740	20.413008	20.353821	20.314228	19.853496	16.251545	11.605285	 9.181138	7.579000	6.756577	6.135675
2022	 9	16	      NA	19.547372	19.561606	19.534672	19.445328	19.407372	19.326642	16.421533	11.617737	 9.219854	7.577825	6.757869	6.135044
2022	 9	17	980.7505	18.960526	18.975684	18.976421	18.896842	18.729895	18.616211	16.782737	11.676421	 9.202316	7.582411	6.795295	6.142979
2022	 9	18	972.5278	18.598750	18.600972	18.608125	18.581667	18.531250	18.488194	16.842917	11.722778	 9.271528	7.606049	6.779993	6.143535
2022	 9	19	969.9736	17.753611	17.755417	17.762708	17.763194	17.762847	17.745833	16.941944	11.817431	 9.337847	7.636250	6.776562	6.151771
2022	 9	20	969.0285	17.037708	17.042014	17.043819	17.016319	17.004931	16.955833	16.606667	11.952917	 9.442014	7.673479	6.796639	6.167201
2022	 9	21	969.8000	16.625625	16.626667	16.632847	16.630000	16.629306	16.623264	16.547222	12.024236	 9.486181	7.680806	6.800764	6.174167
2022	 9	22	958.9257	16.431736	16.445278	16.432014	16.393681	16.379097	16.362014	16.280972	12.122708	 9.529097	7.702069	6.814625	6.181799
2022	 9	23	      NA	15.886364	15.887727	15.896667	15.902121	15.897727	15.874242	15.758939	12.212273	 9.602273	7.766439	6.811985	6.188182
2022	10	 2	      NA	13.712857	13.727429	13.723238	13.609905	13.560381	13.526857	13.492095	13.245429	 9.971714	7.854305	6.904590	6.206810
2022	10	 4	      NA	13.673939	13.698990	13.652424	13.104949	13.029697	12.988788	12.961515	12.882626	10.122525	7.891758	6.929465	6.210990
2022	10	 7	970.2611	13.830556	13.831389	13.826389	13.414722	13.216389	13.099167	12.995833	12.734722	10.505278	7.980528	6.970417	6.280083
2022	10	 8	974.2194	12.829097	12.828472	12.842639	12.832986	12.821667	12.800139	12.768333	12.618542	10.469167	7.997882	6.982076	6.296312
2022	10	 9	970.6569	12.429931	12.435278	12.440903	12.411944	12.388542	12.371319	12.357431	12.295069	10.776111	8.015056	6.973493	6.294333
2022	10	10	977.1542	12.066528	12.078056	12.078194	11.969306	11.940486	11.921944	11.901806	11.875972	11.169028	7.971674	7.002083	6.266319
2022	10	11	      NA	11.686667	11.693448	11.693218	11.691609	11.677586	11.665632	11.649770	11.626092	11.124828	7.984908	6.997425	6.266414
2022	10	12	974.4092	11.754211	11.767500	11.744211	11.661447	11.569737	11.485263	11.434079	11.381579	10.968158	8.055566	7.022303	6.303737
2022	10	13	966.6257	11.765486	11.769236	11.765625	11.702153	11.589792	11.532083	11.482569	11.417222	11.004583	8.087451	7.024424	6.303639
2022	10	14	      NA	11.776835	11.785252	11.781871	11.691223	11.610288	11.571367	11.505540	11.377842	10.947266	8.231935	7.066950	6.311338
2022	10	17	963.7993	11.139437	11.142535	11.142746	11.112394	11.083592	11.041197	11.011338	10.977113	10.850986	8.359859	7.092479	6.332577
2022	10	18	958.9222	11.059653	11.063750	11.053958	11.014931	10.995139	10.966597	10.939167	10.891250	10.765486	8.409097	7.109396	6.316493
2022	10	19	      NA	10.751969	10.754961	10.761181	10.741969	10.733543	10.728740	10.714094	10.699055	10.646142	8.470394	7.112835	6.313331
2022	10	23	983.3615	10.543229	10.563646	10.453646	 9.933438	 9.881562	 9.834062	 9.775313	 9.718333	 9.655000	9.447604	7.300021	6.346833
2022	10	24	983.2500	11.250000	11.300000	10.785000	 9.970000	 9.880000	 9.830000	 9.800000	 9.725000	 9.640000	9.410000	7.328500	6.354000
2022	10	25	974.4772	11.899649	11.951404	11.562632	10.223860	10.016316	 9.904737	 9.835614	 9.742632	 9.662456	9.325965	7.504351	6.348649
2022	10	26	      NA	12.172143	12.198571	11.355000	10.285476	10.051190	 9.928571	 9.845952	 9.749524	 9.651190	9.262143	7.495452	6.333310
2022	10	30	      NA	 9.742083	 9.753056	 9.759306	 9.650278	 9.631667	 9.549722	 9.448889	 9.428889	 9.402500	9.241528	7.784444	6.421708
2022	11	 1	971.2500	 9.719286	 9.775000	 9.707143	 9.542857	 9.465000	 9.410000	 9.381429	 9.359286	 9.326429	9.166429	7.924786	6.432429
