year	month	day	airP_hPa	1.7m	4.0m	5.0m	6.0m	7.0m	8.0m	9.0m	10.0m	11.0m	12.0m
2015	5	14	982.218	14.4106	5.9115	5.1041	4.7628	4.561	4.4816	4.4512	4.462	4.5004	4.5852
2015	5	15	980.342	14.6532	5.7831	5.0807	4.7376	4.5488	4.478	4.4603	4.4694	4.5143	4.5337
2015	5	16	975.753	14.9717	5.8433	5.1114	4.7597	4.5597	4.4818	4.4726	4.4737	4.522	4.5352
2015	5	17	NA	15.1094	5.916	5.1398	4.7739	4.5716	4.4935	4.4648	4.4792	4.5229	4.537
2015	5	18	975.928	15.8134	6.068	5.2058	4.8123	4.5948	4.5166	4.487	4.4852	4.5269	4.5396
2015	5	19	965.909	16.5191	6.199	5.2679	4.8553	4.6338	4.5329	4.4956	4.4913	4.53	4.5424
2015	5	20	966.201	16.4812	6.3749	5.3096	4.8857	4.6598	4.5485	4.5078	4.502	4.5327	4.543
2015	5	21	966.943	16.373	6.4321	5.3712	4.9313	4.67	4.5666	4.5127	4.5067	4.5419	4.5466
2015	5	22	968.448	16.3324	6.517	5.4237	4.958	4.6992	4.5755	4.525	4.5134	4.5451	4.5501
2015	5	23	978.971	15.1491	6.6695	5.4821	5.0046	4.725	4.6086	4.5307	4.5194	4.5501	4.553
2015	5	24	975.237	15.0889	6.8071	5.5496	5.0436	4.7435	4.6016	4.5463	4.5253	4.554	4.5561
2015	5	25	976.038	15.7794	6.8368	5.5795	5.0723	4.7704	4.628	4.563	4.5356	4.5599	4.5597
2015	5	26	972.448	16.2103	6.9037	5.607	5.0718	4.778	4.6444	4.5696	4.5405	4.563	4.5636
2015	5	27	972.298	16.7078	7.0522	5.6722	5.0996	4.8006	4.6572	4.5813	4.5456	4.5664	4.5677
2015	5	28	973.76	16.9793	7.0889	5.6908	5.1093	4.8037	4.6648	4.5884	4.5512	4.5712	4.5717
2015	5	29	981.922	17.6876	7.195	5.7532	5.1487	4.826	4.6833	4.6019	4.5565	4.5753	4.5759
2015	5	30	972.207	18.7012	7.3245	5.8192	5.1849	4.8445	4.6984	4.5996	4.5653	4.5799	4.5807
2015	5	31	978.503	18.2126	7.4216	5.8435	5.2081	4.8725	4.7151	4.6127	4.5766	4.585	4.5845
2015	6	1	982.311	17.939	7.4975	5.8705	5.2296	4.892	4.7203	4.6252	4.5817	4.5908	4.5904
2015	6	2	980.461	17.2915	7.6042	5.911	5.2531	4.9092	4.7382	4.6305	4.5836	4.5972	4.5952
2015	6	3	981.071	16.7166	7.6884	5.967	5.2684	4.9101	4.7385	4.6323	4.5875	4.6017	4.6001
2015	6	4	979.934	17.1478	7.8276	6.0467	5.3206	4.945	4.7547	4.646	4.5962	4.606	4.6042
2015	6	5	973.651	17.7476	7.9674	6.1399	5.353	4.9765	4.7718	4.6748	4.6036	4.6108	4.6088
2015	6	6	975.692	17.3391	8.0974	6.153	5.3775	4.9921	4.7965	4.6722	4.6092	4.6155	4.614
2015	6	7	976.454	17.8652	8.2023	6.2278	5.3992	5.0067	4.8088	4.6827	4.6193	4.6214	4.62
2015	6	8	NA	17.8202	8.3654	6.2705	5.4455	5.0253	4.8266	4.695	4.6222	4.626	4.6247
2015	6	9	960.9	17.5884	8.5447	6.372	5.4846	5.0503	4.8536	4.7113	4.6281	4.629	4.6279
2015	6	10	963.719	17.9674	8.6539	6.4024	5.5058	5.0688	4.8587	4.7139	4.6356	4.6318	4.6311
2015	6	11	963.664	18.4786	8.863	6.4858	5.5576	5.1006	4.8864	4.7274	4.6433	4.6365	4.6366
2015	6	12	970.837	18.8821	8.9986	6.5684	5.5825	5.1129	4.8969	4.755	4.655	4.6434	4.6428
2015	6	13	971.372	18.9027	9.1488	6.6136	5.6093	5.1322	4.92	4.7631	4.659	4.6485	4.6481
2015	6	14	976.305	19.5136	9.2441	6.6753	5.6423	5.1468	4.9196	4.7672	4.6742	4.6547	4.6542
2015	6	15	972.476	19.9638	9.3377	6.7277	5.6743	5.1801	4.9468	4.7796	4.6859	4.6631	4.6624
2015	6	16	968.448	20.033	9.435	6.7563	5.682	5.179	4.9458	4.785	4.6912	4.6669	4.6666
2015	6	17	977.591	19.5273	9.5276	6.8228	5.7113	5.1979	4.9557	4.7963	4.6926	4.6716	4.6712
2015	6	18	972.152	20.1622	9.666	6.8885	5.7559	5.2182	4.9693	4.7997	4.6984	4.6772	4.6768
2015	6	19	971.778	20.2816	9.8074	6.9435	5.7887	5.2427	4.992	4.8129	4.7129	4.6841	4.6837
2015	6	20	974.821	20.6974	9.9114	7.0107	5.82	5.266	4.9865	4.8357	4.7161	4.6909	4.6904
2015	6	21	966.422	20.976	10.0549	7.1081	5.8569	5.2885	5.0122	4.8359	4.7216	4.695	4.6944
2015	6	22	969.122	21.2711	10.1488	7.1461	5.8895	5.2962	5.0302	4.8464	4.7269	4.6993	4.6987
2015	6	23	963.844	21.673	10.2954	7.2042	5.9204	5.3249	5.0433	4.8542	4.7393	4.7055	4.7046
2015	6	24	970.365	20.7049	10.474	7.2811	5.9757	5.3534	5.0674	4.8673	4.7542	4.7128	4.7121
2015	6	25	974.168	20.5345	10.6216	7.4015	6.0163	5.3753	5.0768	4.885	4.7613	4.7185	4.7182
2015	6	26	975.059	20.6761	10.7828	7.4743	6.0479	5.403	5.092	4.8915	4.7734	4.7251	4.7252
2015	6	27	977.713	20.853	10.879	7.5386	6.0914	5.4254	5.1084	4.9104	4.7856	4.7329	4.7331
2015	6	28	NA	20.7881	11.0305	7.5948	6.1291	5.446	5.1207	4.9112	4.7852	4.7407	4.7401
2015	6	29	NA	19.6119	11.156	7.6465	6.1412	5.4491	5.1139	4.9125	4.7868	4.7433	4.7431
2015	6	30	970.313	19.8668	11.295	7.7323	6.1895	5.4736	5.1275	4.9206	4.798	4.7458	4.7456
2015	7	1	964.263	20.0711	11.3815	7.805	6.2185	5.5089	5.167	4.9379	4.8168	4.7576	4.7565
2015	7	2	965.975	19.4065	11.6407	7.9016	6.2892	5.5443	5.184	4.9454	4.818	4.7716	4.7675
2015	7	3	970.974	19.7496	11.8089	8.0198	6.3362	5.5683	5.1952	4.9705	4.8363	4.7774	4.7753
2015	7	4	971.381	20.1523	11.9706	8.1102	6.3791	5.5924	5.2153	4.9984	4.8436	4.7833	4.7812
2015	7	5	974.03	20.7218	12.1351	8.1838	6.4231	5.6152	5.2233	5.0001	4.8529	4.7931	4.7907
2015	7	6	977.229	21.4775	12.2665	8.2827	6.4745	5.6315	5.24	5.01	4.8617	4.8004	4.7979
2015	7	7	971.392	22.2161	12.4443	8.3387	6.4956	5.6571	5.2556	5.0107	4.8708	4.8116	4.808
2015	7	8	971.031	22.2715	12.6409	8.3946	6.5708	5.7108	5.2955	5.0283	4.9032	4.8239	4.8169
2015	7	9	973.113	22.4627	12.695	8.5074	6.5817	5.7156	5.2973	5.0733	4.9144	4.8397	4.8358
2015	7	10	971.497	22.3957	12.755	8.504	6.5908	5.714	5.2954	5.0645	4.9202	4.8447	4.8425
2015	7	11	973.858	22.8405	12.8772	8.5846	6.6478	5.7399	5.325	5.0739	4.9217	4.8487	4.8481
2015	7	12	972.754	23.1333	13.0138	8.666	6.6882	5.7632	5.3425	5.0848	4.9439	4.8614	4.8604
2015	7	13	970.667	23.8134	13.1341	8.7433	6.7379	5.7903	5.3482	5.0892	4.9461	4.8715	4.87
2015	7	14	962.483	24.6371	13.2869	8.8107	6.7714	5.8029	5.3695	5.1019	4.9542	4.8796	4.8781
2015	7	15	966.754	23.5863	13.4972	8.9224	6.8459	5.8708	5.418	5.1261	4.9774	4.8959	4.8888
2015	7	16	975.831	22.7732	13.5487	8.9978	6.8671	5.8763	5.4158	5.1374	4.9784	4.8998	4.9009
2015	7	17	975.018	22.8009	13.6788	9.0612	6.9257	5.8932	5.4392	5.1644	4.9852	4.9047	4.9055
2015	7	18	NA	22.5261	13.8295	9.1327	6.9462	5.9025	5.4423	5.1633	4.9899	4.9106	4.911
2015	7	19	966.02	22.4121	13.9373	9.2341	6.9927	5.9184	5.455	5.1754	4.9889	4.9142	4.9142
2015	7	20	962.014	22.4471	14.2251	9.3553	7.0738	5.9781	5.4824	5.1889	5.0075	4.9231	4.9188
2015	7	21	NA	22.9246	14.3572	9.4872	7.1335	6.001	5.5115	5.2052	5.0192	4.9358	4.929
2015	7	22	963.377	22.5013	14.5442	9.5492	7.1913	6.0282	5.5158	5.2116	5.0271	4.943	4.9367
2015	7	23	967.892	21.8964	14.6126	9.5902	7.2084	6.045	5.5276	5.2036	5.0328	4.9519	4.945
2015	7	24	970.777	21.7383	14.7005	9.704	7.2622	6.0602	5.5289	5.2175	5.039	4.9566	4.9521
2015	7	25	972.652	21.9621	14.8447	9.7333	7.2868	6.0708	5.5336	5.2164	5.0469	4.9585	4.9545
2015	7	26	970.199	22.2456	14.889	9.8502	7.3535	6.1158	5.5388	5.2255	5.0507	4.9614	4.9575
2015	7	27	972.408	22.6669	15.0756	9.9232	7.3878	6.1318	5.5558	5.2347	5.0527	4.9669	4.9628
2015	7	28	972.723	23.0112	15.1826	9.9857	7.4433	6.1897	5.6006	5.2782	5.0959	4.9885	4.9799
2015	7	29	971.582	23.5468	15.3575	10.1771	7.516	6.2026	5.5885	5.2993	5.1006	4.999	4.9922
2015	7	30	966.154	24.1977	15.4393	10.1674	7.5313	6.2639	5.6757	5.3532	5.1596	5.0227	5.0124
2015	7	31	964.135	24.3979	15.575	10.2603	7.5845	6.245	5.6791	5.3464	5.1412	5.0326	5.0245
2015	8	1	964.031	24.0609	15.7926	10.3907	7.6431	6.2868	5.6989	5.3852	5.1495	5.0396	5.0317
2015	8	2	966.248	23.7202	15.8418	10.4856	7.7095	6.3137	5.708	5.3716	5.165	5.0476	5.039
2015	8	3	962.598	23.6066	16.0097	10.5524	7.7339	6.3332	5.7181	5.381	5.1674	5.0566	5.0463
2015	8	4	965.654	23.2374	16.0135	10.584	7.7987	6.3554	5.7218	5.382	5.1675	5.0584	5.0507
2015	8	5	967.526	22.9336	16.0991	10.6567	7.8193	6.3666	5.7321	5.3918	5.1735	5.0619	5.056
2015	8	6	969.617	22.3438	16.2065	10.7012	7.8699	6.3937	5.7359	5.3736	5.1735	5.0713	5.0645
2015	8	7	973.026	21.7888	16.1837	10.7588	7.8798	6.3963	5.7394	5.3824	5.1834	5.0683	5.067
2015	8	8	975.223	21.6286	16.279	10.8217	7.9312	6.4177	5.7479	5.4018	5.1868	5.07	5.0698
2015	8	9	976.302	21.6065	16.2332	10.7785	7.9143	6.4153	5.7485	5.4049	5.1905	5.0747	5.0746
2015	8	10	972.969	21.9543	16.209	10.7802	7.9406	6.4388	5.7486	5.3976	5.1917	5.0809	5.0816
2015	8	11	NA	22.2969	16.4784	10.9341	8.0063	6.454	5.7664	5.4032	5.2064	5.0872	5.0876
2015	8	12	966.438	22.087	16.682	11.0459	8.0718	6.5054	5.7946	5.4121	5.2034	5.0939	5.0935
2015	8	13	971.758	21.8531	16.6612	11.0177	8.0926	6.5017	5.8022	5.4092	5.2121	5.0983	5.099
2015	8	14	973.921	21.409	16.5996	11.022	8.087	6.5012	5.7782	5.4097	5.2143	5.1038	5.1054
2015	8	15	976.01	21.3536	16.5672	11.0418	8.0966	6.5129	5.7735	5.4088	5.2054	5.1056	5.1077
2015	8	16	976.4	21.768	16.6236	11.0582	8.1344	6.5358	5.8078	5.4197	5.2237	5.1123	5.1134
2015	8	17	973.683	22.3848	16.614	11.1175	8.1572	6.547	5.8087	5.424	5.2336	5.1242	5.1247
2015	8	18	NA	22.9479	16.7233	11.1758	8.1831	6.5586	5.8191	5.436	5.2452	5.132	5.1344
2015	8	19	973.298	23.537	16.851	11.2776	8.2629	6.6141	5.865	5.4526	5.2524	5.1442	5.1465
2015	8	20	971.594	24.6645	16.9218	11.3173	8.297	6.6371	5.8788	5.4562	5.2663	5.1525	5.1555
2015	8	21	972.212	25.0128	16.9801	11.3959	8.3409	6.6647	5.8888	5.4713	5.2657	5.1612	5.1628
2015	8	22	977.857	24.4386	17.0086	11.4702	8.3677	6.6935	5.9127	5.5105	5.2938	5.1705	5.1734
2015	8	23	976.639	24.0076	17.0309	11.5374	8.4038	6.6877	5.9245	5.5178	5.2909	5.1768	5.1799
2015	8	24	969.472	24.2205	17.082	11.5685	8.4196	6.6923	5.9216	5.5122	5.2972	5.1816	5.1838
2015	8	25	969.01	24.0564	17.1563	11.6342	8.4872	6.7284	5.9434	5.5223	5.2998	5.1904	5.1879
2015	8	26	970.987	23.7629	17.2154	11.6985	8.527	6.7441	5.9556	5.5321	5.3158	5.2017	5.2001
2015	8	27	972.645	23.2646	17.2591	11.7175	8.5284	6.7427	5.954	5.5262	5.3386	5.2152	5.2145
2015	8	28	977.362	22.6597	17.3026	11.7601	8.5719	6.7623	5.9535	5.5193	5.3277	5.215	5.2173
2015	8	29	977.292	22.3353	17.3266	11.8162	8.6235	6.7713	5.9573	5.5395	5.3377	5.2169	5.218
2015	8	30	974.553	22.1259	17.3733	11.8467	8.6469	6.7785	5.9594	5.5382	5.3372	5.2199	5.221
2015	8	31	971.09	22.0332	17.4007	11.8948	8.6952	6.8111	5.9735	5.5322	5.3359	5.2247	5.2252
2015	9	1	974.652	21.9398	17.4898	11.9229	8.7489	6.8214	5.9959	5.5419	5.3434	5.2294	5.2302
2015	9	2	972.418	22.2266	17.5746	12.0025	8.7871	6.8341	6.0205	5.554	5.3447	5.2339	5.2345
2015	9	3	971.513	22.7808	17.6736	12.0722	8.8337	6.8808	6.0268	5.5551	5.3569	5.2385	5.2401
2015	9	4	978.899	22.8295	17.7613	12.1201	8.8554	6.8838	6.0337	5.5542	5.3656	5.2452	5.2481
2015	9	5	981.557	22.4516	17.8291	12.1965	8.9171	6.9088	6.0412	5.5679	5.3637	5.2493	5.2525
2015	9	6	977.787	22.8067	17.9102	12.2685	8.9445	6.931	6.0463	5.5673	5.3655	5.2546	5.2564
2015	9	7	NA	23.1632	18.0646	12.3719	9.0257	6.9796	6.0806	5.5719	5.3829	5.2662	5.2669
2015	9	8	971.698	23.4834	18.1864	12.4783	9.121	7.0449	6.1175	5.5976	5.4002	5.2729	5.2745
2015	9	9	966.651	23.7494	18.2233	12.5672	9.1147	7.0265	6.1314	5.5903	5.4121	5.2839	5.2849
2015	9	10	970.776	23.0886	18.2354	12.5807	9.1397	7.0562	6.1373	5.6154	5.4108	5.2876	5.2902
2015	9	11	968.841	22.632	18.2661	12.6345	9.1925	7.0583	6.1402	5.6158	5.4082	5.291	5.2938
2015	9	12	969.102	22.1953	18.2756	12.6956	9.2253	7.0734	6.1375	5.6084	5.4178	5.2969	5.2996
2015	9	13	NA	21.1296	18.6884	12.8764	9.3542	7.1363	6.1575	5.6108	5.4102	5.3009	5.3039
2015	9	14	NA	20.3922	19.246	13.0899	9.4784	7.2156	6.1842	5.6312	5.4147	5.3029	5.3051
2015	9	15	978.412	20.0468	19.3032	13.1607	9.5149	7.2537	6.1963	5.6392	5.4176	5.3052	5.3065
2015	9	16	982.24	20.3284	19.2111	13.2194	9.577	7.2796	6.2135	5.6616	5.4254	5.3119	5.3127
2015	9	17	977.208	20.6837	19.0797	13.2652	9.6415	7.3127	6.2355	5.6717	5.4467	5.3167	5.3175
2015	9	18	972.359	21.2705	18.9684	13.3277	9.6402	7.3249	6.2698	5.6861	5.4564	5.3289	5.3282
2015	9	19	967.48	21.6059	18.9148	13.3675	9.6758	7.3535	6.2834	5.6927	5.472	5.3449	5.3434
2015	9	20	972.242	20.7299	18.9384	13.4892	9.7324	7.3898	6.3407	5.7063	5.4978	5.3535	5.3539
2015	9	21	981.568	19.9882	19.0371	13.527	9.7316	7.3954	6.3156	5.7247	5.4917	5.3643	5.3674
2015	9	22	982.779	19.8098	19.0409	13.5892	9.783	7.428	6.3252	5.7307	5.4927	5.3702	5.3721
2015	9	23	981.486	19.4656	18.9562	13.6176	9.8033	7.4326	6.3406	5.7331	5.5056	5.3751	5.3772
2015	9	24	986.096	19.3196	18.8182	13.6394	9.8453	7.4568	6.3741	5.7386	5.5082	5.3799	5.384
2015	9	25	988.279	18.8061	18.5792	13.6914	9.8442	7.4755	6.3646	5.7358	5.5024	5.3861	5.39
2015	9	26	989.497	18.1738	17.9593	13.7136	9.874	7.4693	6.3466	5.7305	5.5012	5.3934	5.3964
2015	9	27	984.824	17.9296	17.544	13.8558	9.9346	7.4974	6.364	5.7369	5.5056	5.3963	5.3976
2015	9	28	977.263	17.9395	17.4308	14.0115	9.9617	7.5307	6.3843	5.7456	5.5127	5.4018	5.4016
2015	9	29	NA	17.8989	17.4005	14.1019	10.0267	7.5784	6.3993	5.7443	5.5182	5.4046	5.4051
2015	9	30	975.916	17.2556	17.0665	14.2245	10.1414	7.6235	6.4152	5.7546	5.5368	5.4101	5.4124
2015	10	1	NA	15.936	15.8142	14.6477	10.1627	7.6582	6.4413	5.7546	5.524	5.4189	5.4214
2015	10	2	988.901	15.0751	14.9969	14.7558	10.2681	7.6394	6.4337	5.7672	5.5427	5.424	5.4266
2015	10	3	991.765	14.297	14.2408	14.1736	10.5251	7.659	6.4404	5.7755	5.5371	5.4256	5.4281
2015	10	4	988.662	13.8521	13.7286	13.6661	10.796	7.7122	6.4399	5.7805	5.54	5.4293	5.4321
2015	10	5	980.923	13.6166	13.4959	13.4223	11.0275	7.7057	6.4519	5.8066	5.5479	5.4342	5.4367
2015	10	6	975.182	13.591	13.4656	13.3992	11.103	7.7315	6.4511	5.8012	5.5486	5.437	5.4399
2015	10	7	970.943	13.4363	13.3775	13.3384	11.1874	7.7534	6.4567	5.8059	5.5481	5.4405	5.4433
2015	10	8	977.142	13.1832	13.0572	13.0189	11.3243	7.7611	6.4727	5.8143	5.5643	5.4463	5.4487
2015	10	9	NA	12.8701	12.8053	12.7566	11.4444	7.805	6.4695	5.8165	5.5607	5.4521	5.4544
2015	10	10	973.555	12.3802	12.2431	12.2047	11.5941	7.8218	6.4768	5.8166	5.5595	5.4531	5.4549
2015	10	11	965.344	12.0897	12.0004	11.9607	11.6585	7.8637	6.4879	5.812	5.5741	5.4547	5.4566
2015	10	12	962.425	12.2564	11.9213	11.8672	11.4925	7.9023	6.5282	5.8296	5.589	5.4605	5.4618
2015	10	13	955.608	12.5212	11.9433	11.8845	11.4238	7.8973	6.5408	5.8635	5.5956	5.473	5.4748
2015	10	14	NA	12.1866	11.93	11.8729	11.4001	7.9918	6.5937	5.8528	5.6345	5.489	5.49
2015	10	15	NA	11.6419	11.611	11.598	11.4929	8.0405	6.5819	5.8812	5.6254	5.5038	5.5065
2015	10	16	NA	11.426	11.3667	11.3409	11.1752	8.1515	6.6052	5.8652	5.624	5.5042	5.5067
2015	10	17	NA	11.055	11.0273	11.0138	10.9561	8.2499	6.6134	5.8841	5.6314	5.5059	5.5094
2015	10	18	979.148	10.3594	10.34	10.3235	10.2611	8.8902	6.6197	5.8947	5.6313	5.5127	5.5164
2015	10	19	980.402	9.5707	9.562	9.5548	9.5349	9.2047	6.6376	5.8977	5.6384	5.5166	5.5189
2015	10	20	970.84	9.1998	9.1728	9.166	9.1515	9.1144	6.6926	5.8951	5.641	5.5207	5.5219
2015	10	21	981.803	8.9967	8.88	8.8638	8.8449	8.8064	6.8961	5.9241	5.6444	5.5218	5.5246
2015	10	22	NA	8.9258	8.7643	8.7423	8.7092	8.6086	7.1862	5.9161	5.6489	5.5244	5.5263
2015	10	23	979.909	8.5453	8.4999	8.4871	8.4594	8.4063	7.6324	5.928	5.6512	5.5355	5.5372
2015	10	24	980.83	8.234	8.2118	8.1911	8.1459	8.1243	7.7793	5.9413	5.6526	5.5423	5.5449
2015	10	25	NA	8.1756	8.1222	8.1035	8.0681	8.007	7.8104	6.0073	5.6756	5.5462	5.5479
2015	10	26	984.962	7.9699	7.8848	7.8688	7.853	7.8361	7.7614	6.1011	5.6712	5.5552	5.5573
2015	10	27	989.006	7.7259	7.6747	7.6477	7.623	7.6022	7.5367	6.4778	5.6848	5.5593	5.5618
2015	10	28	NA	7.4709	7.4474	7.4346	7.4149	7.3954	7.3493	6.8365	5.6891	5.5603	5.5629
2015	10	29	NA	7.2845	7.2706	7.263	7.249	7.2289	7.1767	7.0277	5.7931	5.5672	5.564
2015	10	30	962.626	7.1253	7.1015	7.0958	7.0851	7.078	7.0567	7.006	6.1839	5.578	5.572
2015	10	31	975.753	6.7979	6.7719	6.7618	6.748	6.7282	6.7049	6.6596	6.4784	5.598	5.5982
2015	11	1	NA	6.6795	6.669	6.6556	6.6137	6.5877	6.5572	6.514	6.4304	5.6704	5.6661
2015	11	2	969.691	6.599	6.5656	6.5592	6.5478	6.54	6.523	6.4941	6.4183	5.741	5.7326
2015	11	3	975.42	6.5949	6.5356	6.5267	6.5146	6.5083	6.495	6.4577	6.3866	5.7952	5.7932
2015	11	4	NA	6.6993	6.5756	6.5126	6.4961	6.4882	6.4731	6.4521	6.3855	5.8457	5.8438
2015	11	5	978.642	6.7583	6.5205	6.4976	6.4805	6.4705	6.456	6.436	6.3941	5.9409	5.9456
